%!PS
%%BoundingBox: -1 51 131 174 
%%HiResBoundingBox: -0.70029 51.93137 130.60445 173.06927 
%%Creator: MetaPost 0.901
%%CreationDate: 2008.09.19:1140
%%Pages: 1
%%BeginProlog
%%EndProlog
%%Page: 1 1
 1 0.5 0.5 setrgbcolor
newpath 65.20285 112.1255 moveto
53.51115 105.37532 lineto
53.22037 105.20744 53.19833 104.80568 53.46623 104.65112 curveto
64.3483 98.36844 lineto
64.73207 98.1468 65.20563 98.16571 65.59056 98.38795 curveto
77.08028 105.02151 lineto
78.3344 105.74559 lineto
89.41815 112.14478 lineto
89.6913 112.30247 89.68594 112.70084 89.40678 112.86209 curveto
78.11853 119.37912 lineto
76.86485 120.10309 lineto
65.57874 126.6187 lineto
65.19739 126.83884 64.72792 126.85136 64.34714 126.63153 curveto
53.46616 120.34941 lineto
53.19856 120.19492 53.2203 119.79332 53.51126 119.62538 curveto
65.20274 112.87549 lineto
65.49155 112.70897 65.49146 112.29213 65.20285 112.1255 curveto closepath fill
 0 setgray 0 0.5 dtransform truncate idtransform setlinewidth pop [] 0 setdash
 1 setlinejoin 10 setmiterlimit
gsave newpath 65.20285 112.1255 moveto
53.51115 105.37532 lineto
53.22037 105.20744 53.19833 104.80568 53.46623 104.65112 curveto
64.3483 98.36844 lineto
64.73207 98.1468 65.20563 98.16571 65.59056 98.38795 curveto
77.08028 105.02151 lineto
78.3344 105.74559 lineto
89.41815 112.14478 lineto
89.6913 112.30247 89.68594 112.70084 89.40678 112.86209 curveto
78.11853 119.37912 lineto
76.86485 120.10309 lineto
65.57874 126.6187 lineto
65.19739 126.83884 64.72792 126.85136 64.34714 126.63153 curveto
53.46616 120.34941 lineto
53.19856 120.19492 53.2203 119.79332 53.51126 119.62538 curveto
65.20274 112.87549 lineto
65.49155 112.70897 65.49146 112.29213 65.20285 112.1255 curveto closepath
[0.86603 0.5 -0.5 0.86603 0 0] concat stroke grestore
 1 1 0 setrgbcolor
newpath 77.49251 90.7114 moveto
77.4923 103.50952 lineto
77.49231 103.82536 77.14429 104.0198 76.8652 103.85867 curveto
65.57867 97.3424 lineto
65.19075 97.11845 64.7131 97.11859 64.32506 97.34254 curveto
53.0384 103.85863 lineto
52.75925 104.01988 52.4115 103.82521 52.4115 103.50937 curveto
52.4116 90.71143 lineto
52.41147 89.28894 lineto
52.41167 76.49081 lineto
52.41154 76.17517 52.75969 75.98053 53.03897 76.14177 curveto
64.3255 82.65804 lineto
64.71342 82.882 65.19107 82.88185 65.5791 82.65791 curveto
76.86557 76.14171 lineto
77.14473 75.98045 77.49246 76.17513 77.49248 76.49097 curveto
77.49237 89.28891 lineto
 closepath fill
 0 setgray
gsave newpath 77.49251 90.7114 moveto
77.4923 103.50952 lineto
77.49231 103.82536 77.14429 104.0198 76.8652 103.85867 curveto
65.57867 97.3424 lineto
65.19075 97.11845 64.7131 97.11859 64.32506 97.34254 curveto
53.0384 103.85863 lineto
52.75925 104.01988 52.4115 103.82521 52.4115 103.50937 curveto
52.4116 90.71143 lineto
52.41147 89.28894 lineto
52.41167 76.49081 lineto
52.41154 76.17517 52.75969 75.98053 53.03897 76.14177 curveto
64.3255 82.65804 lineto
64.71342 82.882 65.19107 82.88185 65.5791 82.65791 curveto
76.86557 76.14171 lineto
77.14473 75.98045 77.49246 76.17513 77.49248 76.49097 curveto
77.49237 89.28891 lineto
 closepath
[0.86603 0.5 -0.5 0.86603 0 0] concat stroke grestore
 1 0.35 0.5 setrgbcolor
newpath 39.6206 53.39462 moveto
51.31299 60.14494 lineto
51.71478 60.37692 52.20987 60.3768 52.61182 60.14478 curveto
64.30363 53.3948 lineto
64.6925 53.17029 65.17055 53.14525 65.55786 53.36887 curveto
76.43884 59.65099 lineto
76.71852 59.81247 77.14806 59.93916 76.8914 60.08751 curveto
74.1612 61.66422 lineto
72.90683 62.38805 lineto
53.06427 73.84436 lineto
52.51042 74.16417 51.86546 74.42479 51.32393 74.11214 curveto
39.8343 67.47888 lineto
38.58018 66.7548 lineto
27.49643 60.35562 lineto
27.22249 60.19746 27.21704 59.80634 27.48517 59.6514 curveto
38.36703 53.3686 lineto
38.75432 53.14502 39.2319 53.1702 39.6206 53.39462 curveto closepath fill
 0 setgray
gsave newpath 39.6206 53.39462 moveto
51.31299 60.14494 lineto
51.71478 60.37692 52.20987 60.3768 52.61182 60.14478 curveto
64.30363 53.3948 lineto
64.6925 53.17029 65.17055 53.14525 65.55786 53.36887 curveto
76.43884 59.65099 lineto
76.71852 59.81247 77.14806 59.93916 76.8914 60.08751 curveto
74.1612 61.66422 lineto
72.90683 62.38805 lineto
53.06427 73.84436 lineto
52.51042 74.16417 51.86546 74.42479 51.32393 74.11214 curveto
39.8343 67.47888 lineto
38.58018 66.7548 lineto
27.49643 60.35562 lineto
27.22249 60.19746 27.21704 59.80634 27.48517 59.6514 curveto
38.36703 53.3686 lineto
38.75432 53.14502 39.2319 53.1702 39.6206 53.39462 curveto closepath
[0.86603 0.5 -0.5 0.86603 0 0] concat stroke grestore
 0 0 0.2 setrgbcolor
newpath 51.51143 135.984 moveto
51.51158 149.01675 lineto
51.51167 149.46478 51.27272 149.87866 50.88467 150.1026 curveto
39.5979 156.61888 lineto
39.20987 156.84282 38.73221 156.84297 38.3443 156.619 curveto
27.05777 150.10274 lineto
26.66986 149.87878 26.43115 149.46504 26.43106 149.01703 curveto
26.43091 135.98425 lineto
26.43083 135.53624 26.66978 135.12236 27.05782 134.8984 curveto
38.34459 128.38214 lineto
38.73264 128.15819 39.2103 128.15805 39.5982 128.382 curveto
50.88474 134.89827 lineto
51.27264 135.12224 51.51135 135.53596 51.51143 135.984 curveto closepath fill
 0 setgray
gsave newpath 51.51143 135.984 moveto
51.51158 149.01675 lineto
51.51167 149.46478 51.27272 149.87866 50.88467 150.1026 curveto
39.5979 156.61888 lineto
39.20987 156.84282 38.73221 156.84297 38.3443 156.619 curveto
27.05777 150.10274 lineto
26.66986 149.87878 26.43115 149.46504 26.43106 149.01703 curveto
26.43091 135.98425 lineto
26.43083 135.53624 26.66978 135.12236 27.05782 134.8984 curveto
38.34459 128.38214 lineto
38.73264 128.15819 39.2103 128.15805 39.5982 128.382 curveto
50.88474 134.89827 lineto
51.27264 135.12224 51.51135 135.53596 51.51143 135.984 curveto closepath
[0.86603 0.5 -0.5 0.86603 0 0] concat stroke grestore
 1 0.65 0.7 setrgbcolor
newpath 13.44044 124.80345 moveto
13.44093 113.39326 lineto
13.44089 112.98227 13.68745 112.61745 14.04512 112.41086 curveto
24.92688 106.12827 lineto
25.19476 105.97371 25.531 106.18053 25.531 106.50323 curveto
25.53096 119.53589 lineto
25.53093 119.9841 25.77014 120.39787 26.15826 120.62195 curveto
37.44519 127.13844 lineto
37.72368 127.29922 37.72374 127.70152 37.44511 127.86229 curveto
26.15752 134.37862 lineto
25.76949 134.60257 25.53053 135.01645 25.53061 135.46446 curveto
25.53076 148.49724 lineto
25.53078 148.81995 25.19412 149.02676 24.92593 148.87193 curveto
14.04495 142.58981 lineto
13.63385 142.35246 13.44063 141.87962 13.44058 141.40044 curveto
13.44063 126.27805 lineto
 closepath fill
 0 setgray
gsave newpath 13.44044 124.80345 moveto
13.44093 113.39326 lineto
13.44089 112.98227 13.68745 112.61745 14.04512 112.41086 curveto
24.92688 106.12827 lineto
25.19476 105.97371 25.531 106.18053 25.531 106.50323 curveto
25.53096 119.53589 lineto
25.53093 119.9841 25.77014 120.39787 26.15826 120.62195 curveto
37.44519 127.13844 lineto
37.72368 127.29922 37.72374 127.70152 37.44511 127.86229 curveto
26.15752 134.37862 lineto
25.76949 134.60257 25.53053 135.01645 25.53061 135.46446 curveto
25.53076 148.49724 lineto
25.53078 148.81995 25.19412 149.02676 24.92593 148.87193 curveto
14.04495 142.58981 lineto
13.63385 142.35246 13.44063 141.87962 13.44058 141.40044 curveto
13.44063 126.27805 lineto
 closepath
[0.86603 0.5 -0.5 0.86603 0 0] concat stroke grestore
 0.9 0.1 0 setrgbcolor
newpath 66.02907 157.3984 moveto
77.31607 150.88174 lineto
77.7106 150.65387 78.19704 150.66646 78.59229 150.89465 curveto
90.28456 157.64519 lineto
90.67981 157.87338 91.16623 157.88597 91.56076 157.6581 curveto
102.8471 151.1421 lineto
103.12659 150.98077 103.47382 151.16855 103.4739 151.47783 curveto
103.47404 164.04279 lineto
103.47401 164.48228 103.22852 164.88235 102.84717 165.1025 curveto
91.55997 171.61905 lineto
91.16524 171.8468 90.67902 171.83432 90.28377 171.60612 curveto
78.59137 164.8558 lineto
78.19612 164.62761 77.7097 164.61502 77.31517 164.84288 curveto
66.02902 171.359 lineto
65.74954 171.52032 65.40231 171.33255 65.40222 171.02327 curveto
65.4022 158.45811 lineto
65.40222 158.01862 65.64772 157.61855 66.02907 157.3984 curveto closepath fill
 0 setgray
gsave newpath 66.02907 157.3984 moveto
77.31607 150.88174 lineto
77.7106 150.65387 78.19704 150.66646 78.59229 150.89465 curveto
90.28456 157.64519 lineto
90.67981 157.87338 91.16623 157.88597 91.56076 157.6581 curveto
102.8471 151.1421 lineto
103.12659 150.98077 103.47382 151.16855 103.4739 151.47783 curveto
103.47404 164.04279 lineto
103.47401 164.48228 103.22852 164.88235 102.84717 165.1025 curveto
91.55997 171.61905 lineto
91.16524 171.8468 90.67902 171.83432 90.28377 171.60612 curveto
78.59137 164.8558 lineto
78.19612 164.62761 77.7097 164.61502 77.31517 164.84288 curveto
66.02902 171.359 lineto
65.74954 171.52032 65.40231 171.33255 65.40222 171.02327 curveto
65.4022 158.45811 lineto
65.40222 158.01862 65.64772 157.61855 66.02907 157.3984 curveto closepath
[0.86603 0.5 -0.5 0.86603 0 0] concat stroke grestore
 0.9 0.1 0 setrgbcolor
newpath 39.6207 157.64508 moveto
51.3122 150.89519 lineto
51.70744 150.66696 52.19397 150.65422 52.58842 150.88196 curveto
63.87476 157.3981 lineto
64.25613 157.61829 64.50151 158.01817 64.50148 158.45767 curveto
64.50159 171.02315 lineto
64.5015 171.33232 64.15427 171.52036 63.87459 171.35889 curveto
52.58806 164.84262 lineto
52.1936 164.61488 51.70708 164.62761 51.31183 164.85585 curveto
39.62033 171.60573 lineto
39.22507 171.83395 38.73856 171.8467 38.3441 171.61896 curveto
27.05777 165.1028 lineto
26.67639 164.88261 26.43102 164.48274 26.43105 164.04323 curveto
26.43094 151.47775 lineto
26.43103 151.1686 26.77826 150.98055 27.05794 151.14203 curveto
38.34447 157.6583 lineto
38.73892 157.88603 39.22543 157.87329 39.6207 157.64508 curveto closepath fill
 0 setgray
gsave newpath 39.6207 157.64508 moveto
51.3122 150.89519 lineto
51.70744 150.66696 52.19397 150.65422 52.58842 150.88196 curveto
63.87476 157.3981 lineto
64.25613 157.61829 64.50151 158.01817 64.50148 158.45767 curveto
64.50159 171.02315 lineto
64.5015 171.33232 64.15427 171.52036 63.87459 171.35889 curveto
52.58806 164.84262 lineto
52.1936 164.61488 51.70708 164.62761 51.31183 164.85585 curveto
39.62033 171.60573 lineto
39.22507 171.83395 38.73856 171.8467 38.3441 171.61896 curveto
27.05777 165.1028 lineto
26.67639 164.88261 26.43102 164.48274 26.43105 164.04323 curveto
26.43094 151.47775 lineto
26.43103 151.1686 26.77826 150.98055 27.05794 151.14203 curveto
38.34447 157.6583 lineto
38.73892 157.88603 39.22543 157.87329 39.6207 157.64508 curveto closepath
[0.86603 0.5 -0.5 0.86603 0 0] concat stroke grestore
 0 0.5 0 setrgbcolor
newpath 78.99698 134.9112 moveto
89.87885 128.6284 lineto
90.14642 128.47394 90.48291 128.69357 90.48294 129.02951 curveto
90.48293 142.52997 lineto
90.48286 142.86241 90.85526 143.06474 91.15492 142.89178 curveto
103.25224 135.90816 lineto
103.64868 135.67928 104.13486 135.64151 104.52911 135.86913 curveto
115.4101 142.15125 lineto
115.67809 142.30597 115.6672 142.70062 115.38762 142.86217 curveto
104.09937 149.37918 lineto
102.84569 150.10316 lineto
91.55957 156.61876 lineto
91.17154 156.8427 90.69388 156.84285 90.30597 156.61888 curveto
79.01944 150.10262 lineto
78.63153 149.87866 78.39282 149.46492 78.39273 149.0169 curveto
78.39258 135.98413 lineto
78.39255 135.54381 78.61638 135.13097 78.99698 134.9112 curveto closepath fill
 0 setgray
gsave newpath 78.99698 134.9112 moveto
89.87885 128.6284 lineto
90.14642 128.47394 90.48291 128.69357 90.48294 129.02951 curveto
90.48293 142.52997 lineto
90.48286 142.86241 90.85526 143.06474 91.15492 142.89178 curveto
103.25224 135.90816 lineto
103.64868 135.67928 104.13486 135.64151 104.52911 135.86913 curveto
115.4101 142.15125 lineto
115.67809 142.30597 115.6672 142.70062 115.38762 142.86217 curveto
104.09937 149.37918 lineto
102.84569 150.10316 lineto
91.55957 156.61876 lineto
91.17154 156.8427 90.69388 156.84285 90.30597 156.61888 curveto
79.01944 150.10262 lineto
78.63153 149.87866 78.39282 149.46492 78.39273 149.0169 curveto
78.39258 135.98413 lineto
78.39255 135.54381 78.61638 135.13097 78.99698 134.9112 curveto closepath
[0.86603 0.5 -0.5 0.86603 0 0] concat stroke grestore
 0 0.5 0 setrgbcolor
newpath 52.41148 148.88036 moveto
52.4115 133.37628 lineto
52.41164 131.92859 lineto
52.41135 121.3666 lineto
52.41136 121.10521 52.74152 120.97049 53.01625 121.1291 curveto
63.89746 127.41083 lineto
64.29152 127.63834 64.50189 128.07826 64.50171 128.5359 curveto
64.5017 142.50417 lineto
64.50174 142.85016 64.86314 143.0715 65.15102 142.90523 curveto
76.84294 136.15506 lineto
77.1339 135.98712 77.49236 136.16872 77.49236 136.47768 curveto
77.49239 149.04285 lineto
77.49236 149.48235 77.24686 149.8824 76.86551 150.10254 curveto
65.57874 156.61882 lineto
65.1907 156.84276 64.71304 156.84291 64.32513 156.61894 curveto
53.03825 150.10327 lineto
52.61465 149.85872 52.41151 149.3738 52.41148 148.88036 curveto closepath fill
 0 setgray
gsave newpath 52.41148 148.88036 moveto
52.4115 133.37628 lineto
52.41164 131.92859 lineto
52.41135 121.3666 lineto
52.41136 121.10521 52.74152 120.97049 53.01625 121.1291 curveto
63.89746 127.41083 lineto
64.29152 127.63834 64.50189 128.07826 64.50171 128.5359 curveto
64.5017 142.50417 lineto
64.50174 142.85016 64.86314 143.0715 65.15102 142.90523 curveto
76.84294 136.15506 lineto
77.1339 135.98712 77.49236 136.16872 77.49236 136.47768 curveto
77.49239 149.04285 lineto
77.49236 149.48235 77.24686 149.8824 76.86551 150.10254 curveto
65.57874 156.61882 lineto
65.1907 156.84276 64.71304 156.84291 64.32513 156.61894 curveto
53.03825 150.10327 lineto
52.61465 149.85872 52.41151 149.3738 52.41148 148.88036 curveto closepath
[0.86603 0.5 -0.5 0.86603 0 0] concat stroke grestore
 0.3 1 0.3 setrgbcolor
newpath 103.29631 134.8426 moveto
92.00977 141.35849 lineto
91.7303 141.51984 91.38307 141.33206 91.38298 141.02278 curveto
91.38287 128.45729 lineto
91.38284 128.0101 91.64348 127.60901 92.03238 127.3845 curveto
103.72394 120.63492 lineto
104.1192 120.40671 104.37361 119.9917 104.37347 119.536 curveto
104.37363 106.50313 lineto
104.37363 106.18042 104.71028 105.9736 104.97847 106.12845 curveto
115.85956 112.41037 lineto
116.2112 112.61339 116.46413 112.9645 116.46404 113.3675 curveto
116.46344 124.30956 lineto
116.46356 125.7582 lineto
116.46349 140.88058 lineto
116.46353 141.26093 116.11494 141.51955 115.83646 141.35875 curveto
104.54993 134.84248 lineto
104.162 134.61853 103.68436 134.61867 103.29631 134.8426 curveto closepath fill
 0 setgray
gsave newpath 103.29631 134.8426 moveto
92.00977 141.35849 lineto
91.7303 141.51984 91.38307 141.33206 91.38298 141.02278 curveto
91.38287 128.45729 lineto
91.38284 128.0101 91.64348 127.60901 92.03238 127.3845 curveto
103.72394 120.63492 lineto
104.1192 120.40671 104.37361 119.9917 104.37347 119.536 curveto
104.37363 106.50313 lineto
104.37363 106.18042 104.71028 105.9736 104.97847 106.12845 curveto
115.85956 112.41037 lineto
116.2112 112.61339 116.46413 112.9645 116.46404 113.3675 curveto
116.46344 124.30956 lineto
116.46356 125.7582 lineto
116.46349 140.88058 lineto
116.46353 141.26093 116.11494 141.51955 115.83646 141.35875 curveto
104.54993 134.84248 lineto
104.162 134.61853 103.68436 134.61867 103.29631 134.8426 curveto closepath
[0.86603 0.5 -0.5 0.86603 0 0] concat stroke grestore
 0.3 1 0.3 setrgbcolor
newpath 38.55806 126.74257 moveto
27.06886 120.10902 lineto
26.68393 119.88678 26.43079 119.48613 26.43085 119.04294 curveto
26.43074 106.47746 lineto
26.43063 106.16818 26.77826 105.98036 27.05814 106.14195 curveto
38.34467 112.65822 lineto
38.73912 112.88596 39.22563 112.87323 39.6209 112.64499 curveto
51.31273 105.89452 lineto
51.70161 105.67001 52.17944 105.64485 52.56696 105.86859 curveto
63.44771 112.15111 lineto
63.7155 112.30571 63.70451 112.70056 63.42505 112.86191 curveto
52.13844 119.37881 lineto
51.7504 119.60275 51.51144 120.01663 51.51154 120.46466 curveto
51.5116 133.49712 lineto
51.51164 133.8193 51.169 134.02321 50.89546 133.86528 curveto
39.81158 127.4663 lineto
 closepath fill
 0 setgray
gsave newpath 38.55806 126.74257 moveto
27.06886 120.10902 lineto
26.68393 119.88678 26.43079 119.48613 26.43085 119.04294 curveto
26.43074 106.47746 lineto
26.43063 106.16818 26.77826 105.98036 27.05814 106.14195 curveto
38.34467 112.65822 lineto
38.73912 112.88596 39.22563 112.87323 39.6209 112.64499 curveto
51.31273 105.89452 lineto
51.70161 105.67001 52.17944 105.64485 52.56696 105.86859 curveto
63.44771 112.15111 lineto
63.7155 112.30571 63.70451 112.70056 63.42505 112.86191 curveto
52.13844 119.37881 lineto
51.7504 119.60275 51.51144 120.01663 51.51154 120.46466 curveto
51.5116 133.49712 lineto
51.51164 133.8193 51.169 134.02321 50.89546 133.86528 curveto
39.81158 127.4663 lineto
 closepath
[0.86603 0.5 -0.5 0.86603 0 0] concat stroke grestore
 0.45 0.2 0.1 setrgbcolor
newpath 102.82372 120.11545 moveto
91.13425 126.86412 lineto
89.83531 127.6143 lineto
78.14468 134.36362 lineto
76.89067 135.0882 lineto
66.00653 141.37126 lineto
65.7378 141.52638 65.40198 141.33302 65.40202 141.02304 curveto
65.40201 128.45787 lineto
65.40198 128.01068 65.66261 127.60959 66.05151 127.38507 curveto
77.74501 120.63399 lineto
79.04395 119.8838 lineto
90.73447 113.13467 lineto
91.98814 112.4107 lineto
102.86903 106.12866 lineto
103.13747 105.97365 103.47325 106.16751 103.47319 106.47748 curveto
103.47322 119.04266 lineto
103.47325 119.48985 103.2126 119.89095 102.82372 120.11545 curveto closepath
 fill
 0 setgray
gsave newpath 102.82372 120.11545 moveto
91.13425 126.86412 lineto
89.83531 127.6143 lineto
78.14468 134.36362 lineto
76.89067 135.0882 lineto
66.00653 141.37126 lineto
65.7378 141.52638 65.40198 141.33302 65.40202 141.02304 curveto
65.40201 128.45787 lineto
65.40198 128.01068 65.66261 127.60959 66.05151 127.38507 curveto
77.74501 120.63399 lineto
79.04395 119.8838 lineto
90.73447 113.13467 lineto
91.98814 112.4107 lineto
102.86903 106.12866 lineto
103.13747 105.97365 103.47325 106.16751 103.47319 106.47748 curveto
103.47322 119.04266 lineto
103.47325 119.48985 103.2126 119.89095 102.82372 120.11545 curveto closepath
[0.86603 0.5 -0.5 0.86603 0 0] concat stroke grestore
 0.45 0.2 0.1 setrgbcolor
newpath 89.59535 67.75275 moveto
73.62482 76.97304 lineto
72.34853 77.71011 lineto
65.34143 81.75531 lineto
65.03351 81.933 64.66174 81.81244 64.34756 81.63104 curveto
53.46658 75.34892 lineto
53.1984 75.19409 53.20393 74.80272 53.4782 74.64444 curveto
64.56117 68.24544 lineto
65.82661 67.51479 lineto
77.5181 60.76491 lineto
78.80618 60.02113 lineto
90.29483 53.38777 lineto
90.6799 53.1653 91.15372 53.14708 91.53787 53.36887 curveto
102.41885 59.65099 lineto
102.68684 59.80571 102.67586 60.20056 102.39638 60.36191 curveto
91.10938 66.87857 lineto
 closepath fill
 0 setgray
gsave newpath 89.59535 67.75275 moveto
73.62482 76.97304 lineto
72.34853 77.71011 lineto
65.34143 81.75531 lineto
65.03351 81.933 64.66174 81.81244 64.34756 81.63104 curveto
53.46658 75.34892 lineto
53.1984 75.19409 53.20393 74.80272 53.4782 74.64444 curveto
64.56117 68.24544 lineto
65.82661 67.51479 lineto
77.5181 60.76491 lineto
78.80618 60.02113 lineto
90.29483 53.38777 lineto
90.6799 53.1653 91.15372 53.14708 91.53787 53.36887 curveto
102.41885 59.65099 lineto
102.68684 59.80571 102.67586 60.20056 102.39638 60.36191 curveto
91.10938 66.87857 lineto
 closepath
[0.86603 0.5 -0.5 0.86603 0 0] concat stroke grestore
 1 0.5 0.2 setrgbcolor
newpath 1.01866 104.93208 moveto
11.25682 99.02081 lineto
12.53311 98.28375 lineto
25.27374 90.92886 lineto
25.68207 90.69312 26.18112 90.6353 26.58629 90.86922 curveto
37.46727 97.15134 lineto
37.74101 97.30937 37.78377 97.66653 37.55336 97.79965 curveto
28.22643 103.18459 lineto
26.94917 103.9219 lineto
13.29868 111.8031 lineto
12.86699 112.0523 12.54018 112.47096 12.54019 112.9644 curveto
12.54034 125.99718 lineto
12.54036 126.31987 12.2037 126.5267 11.93552 126.37187 curveto
1.05453 120.08975 lineto
0.67395 119.87003 0.45026 119.45729 0.45023 119.01697 curveto
0.45007 105.98419 lineto
0.45006 105.55576 0.64952 105.14525 1.01866 104.93208 curveto closepath fill
 0 setgray
gsave newpath 1.01866 104.93208 moveto
11.25682 99.02081 lineto
12.53311 98.28375 lineto
25.27374 90.92886 lineto
25.68207 90.69312 26.18112 90.6353 26.58629 90.86922 curveto
37.46727 97.15134 lineto
37.74101 97.30937 37.78377 97.66653 37.55336 97.79965 curveto
28.22643 103.18459 lineto
26.94917 103.9219 lineto
13.29868 111.8031 lineto
12.86699 112.0523 12.54018 112.47096 12.54019 112.9644 curveto
12.54034 125.99718 lineto
12.54036 126.31987 12.2037 126.5267 11.93552 126.37187 curveto
1.05453 120.08975 lineto
0.67395 119.87003 0.45026 119.45729 0.45023 119.01697 curveto
0.45007 105.98419 lineto
0.45006 105.55576 0.64952 105.14525 1.01866 104.93208 curveto closepath
[0.86603 0.5 -0.5 0.86603 0 0] concat stroke grestore
 1 0.5 0.2 setrgbcolor
newpath 117.36409 125.99744 moveto
117.36354 112.96443 lineto
117.36343 112.50504 117.10196 112.08952 116.70294 111.85915 curveto
104.80899 104.99193 lineto
103.53227 104.2548 lineto
92.44852 97.85562 lineto
92.17458 97.69746 92.16913 97.30634 92.43726 97.1514 curveto
103.31892 90.86848 lineto
103.7027 90.64685 104.17625 90.66574 104.56119 90.88799 curveto
116.0507 97.52144 lineto
117.32683 98.25821 lineto
128.81595 104.89143 lineto
129.20743 105.11745 129.45387 105.53197 129.45393 105.98367 curveto
129.45398 119.01665 lineto
129.45401 119.45697 129.2303 119.86961 128.84969 120.08939 curveto
117.96822 126.3724 lineto
117.70033 126.52695 117.36409 126.32014 117.36409 125.99744 curveto closepath
 fill
 0 setgray
gsave newpath 117.36409 125.99744 moveto
117.36354 112.96443 lineto
117.36343 112.50504 117.10196 112.08952 116.70294 111.85915 curveto
104.80899 104.99193 lineto
103.53227 104.2548 lineto
92.44852 97.85562 lineto
92.17458 97.69746 92.16913 97.30634 92.43726 97.1514 curveto
103.31892 90.86848 lineto
103.7027 90.64685 104.17625 90.66574 104.56119 90.88799 curveto
116.0507 97.52144 lineto
117.32683 98.25821 lineto
128.81595 104.89143 lineto
129.20743 105.11745 129.45387 105.53197 129.45393 105.98367 curveto
129.45398 119.01665 lineto
129.45401 119.45697 129.2303 119.86961 128.84969 120.08939 curveto
117.96822 126.3724 lineto
117.70033 126.52695 117.36409 126.32014 117.36409 125.99744 curveto closepath
[0.86603 0.5 -0.5 0.86603 0 0] concat stroke grestore
 0.3 0.3 1 setrgbcolor
newpath 27.53043 104.62538 moveto
39.22159 97.87558 lineto
39.5104 97.70905 39.5103 97.29222 39.2217 97.1256 curveto
27.53012 90.37521 lineto
27.23993 90.20767 27.22395 89.80228 27.49673 89.64473 curveto
38.58067 83.24496 lineto
39.81265 82.53384 lineto
50.89592 76.13475 lineto
51.1738 75.97435 51.5121 76.26639 51.51208 76.6784 curveto
51.51149 92.86372 lineto
51.51195 94.31178 lineto
51.51123 104.1916 lineto
51.51125 104.58434 51.2296 104.90326 50.88467 105.1024 curveto
39.5979 111.6187 lineto
39.21655 111.83884 38.74709 111.85136 38.3663 111.63153 curveto
27.48532 105.34941 lineto
27.21773 105.19492 27.23947 104.79332 27.53043 104.62538 curveto closepath fill
 0 setgray
gsave newpath 27.53043 104.62538 moveto
39.22159 97.87558 lineto
39.5104 97.70905 39.5103 97.29222 39.2217 97.1256 curveto
27.53012 90.37521 lineto
27.23993 90.20767 27.22395 89.80228 27.49673 89.64473 curveto
38.58067 83.24496 lineto
39.81265 82.53384 lineto
50.89592 76.13475 lineto
51.1738 75.97435 51.5121 76.26639 51.51208 76.6784 curveto
51.51149 92.86372 lineto
51.51195 94.31178 lineto
51.51123 104.1916 lineto
51.51125 104.58434 51.2296 104.90326 50.88467 105.1024 curveto
39.5979 111.6187 lineto
39.21655 111.83884 38.74709 111.85136 38.3663 111.63153 curveto
27.48532 105.34941 lineto
27.21773 105.19492 27.23947 104.79332 27.53043 104.62538 curveto closepath
[0.86603 0.5 -0.5 0.86603 0 0] concat stroke grestore
 0.3 0.3 1 setrgbcolor
newpath 78.39232 103.88011 moveto
78.39233 88.37604 lineto
78.39247 86.92833 lineto
78.39218 76.36633 lineto
78.39214 76.10414 78.7279 75.97343 79.00839 76.13538 curveto
90.09258 82.53429 lineto
91.3241 83.2453 lineto
102.40775 89.6447 lineto
102.6805 89.80217 102.66396 90.20755 102.37375 90.37512 curveto
90.68195 97.1251 lineto
90.39314 97.29163 90.39323 97.70848 90.68184 97.8751 curveto
102.37386 104.6252 lineto
102.66464 104.79309 102.68658 105.19452 102.419 105.34898 curveto
91.53694 111.63167 lineto
91.15633 111.85144 90.68735 111.83887 90.30597 111.61868 curveto
79.01909 105.10301 lineto
78.59549 104.85846 78.39235 104.37355 78.39232 103.88011 curveto closepath fill
 0 setgray
gsave newpath 78.39232 103.88011 moveto
78.39233 88.37604 lineto
78.39247 86.92833 lineto
78.39218 76.36633 lineto
78.39214 76.10414 78.7279 75.97343 79.00839 76.13538 curveto
90.09258 82.53429 lineto
91.3241 83.2453 lineto
102.40775 89.6447 lineto
102.6805 89.80217 102.66396 90.20755 102.37375 90.37512 curveto
90.68195 97.1251 lineto
90.39314 97.29163 90.39323 97.70848 90.68184 97.8751 curveto
102.37386 104.6252 lineto
102.66464 104.79309 102.68658 105.19452 102.419 105.34898 curveto
91.53694 111.63167 lineto
91.15633 111.85144 90.68735 111.83887 90.30597 111.61868 curveto
79.01909 105.10301 lineto
78.59549 104.85846 78.39235 104.37355 78.39232 103.88011 curveto closepath
[0.86603 0.5 -0.5 0.86603 0 0] concat stroke grestore
 0.1 0 0.5 setrgbcolor
newpath 93.02168 66.81422 moveto
102.92393 61.09702 lineto
103.16803 60.95622 103.47392 61.17668 103.474 61.50339 curveto
103.47375 74.53595 lineto
103.47368 74.99153 103.7278 75.4065 104.12303 75.63469 curveto
115.8147 82.38539 lineto
116.2034 82.6098 116.4639 83.011 116.46391 83.4582 curveto
116.46442 96.02391 lineto
116.4643 96.33359 116.12265 96.52432 115.84831 96.36594 curveto
104.76357 89.96617 lineto
103.49873 89.23592 lineto
91.80728 82.48534 lineto
90.54185 81.75475 lineto
79.4581 75.35556 lineto
79.18555 75.1982 79.2177 74.7836 79.52405 74.60686 curveto
91.79002 67.52475 lineto
 closepath fill
 0 setgray
gsave newpath 93.02168 66.81422 moveto
102.92393 61.09702 lineto
103.16803 60.95622 103.47392 61.17668 103.474 61.50339 curveto
103.47375 74.53595 lineto
103.47368 74.99153 103.7278 75.4065 104.12303 75.63469 curveto
115.8147 82.38539 lineto
116.2034 82.6098 116.4639 83.011 116.46391 83.4582 curveto
116.46442 96.02391 lineto
116.4643 96.33359 116.12265 96.52432 115.84831 96.36594 curveto
104.76357 89.96617 lineto
103.49873 89.23592 lineto
91.80728 82.48534 lineto
90.54185 81.75475 lineto
79.4581 75.35556 lineto
79.18555 75.1982 79.2177 74.7836 79.52405 74.60686 curveto
91.79002 67.52475 lineto
 closepath
[0.86603 0.5 -0.5 0.86603 0 0] concat stroke grestore
 0.1 0 0.5 setrgbcolor
newpath 37.63368 82.75293 moveto
21.66315 91.97324 lineto
20.40948 92.6972 lineto
13.80754 96.50851 lineto
13.6157 96.61923 13.44116 96.35117 13.4411 96.02261 curveto
13.44054 83.45792 lineto
13.4405 83.01073 13.70114 82.60963 14.09004 82.38513 curveto
25.78152 75.63524 lineto
26.17677 75.40701 26.43118 74.992 26.43105 74.5363 curveto
26.43082 61.5032 lineto
26.43077 61.18102 26.7734 60.97713 27.04695 61.13506 curveto
38.1308 67.53456 lineto
39.36232 68.24557 lineto
50.44608 74.64478 lineto
50.71922 74.80247 50.71387 75.20084 50.43471 75.36209 curveto
39.1477 81.87877 lineto
 closepath fill
 0 setgray
gsave newpath 37.63368 82.75293 moveto
21.66315 91.97324 lineto
20.40948 92.6972 lineto
13.80754 96.50851 lineto
13.6157 96.61923 13.44116 96.35117 13.4411 96.02261 curveto
13.44054 83.45792 lineto
13.4405 83.01073 13.70114 82.60963 14.09004 82.38513 curveto
25.78152 75.63524 lineto
26.17677 75.40701 26.43118 74.992 26.43105 74.5363 curveto
26.43082 61.5032 lineto
26.43077 61.18102 26.7734 60.97713 27.04695 61.13506 curveto
38.1308 67.53456 lineto
39.36232 68.24557 lineto
50.44608 74.64478 lineto
50.71922 74.80247 50.71387 75.20084 50.43471 75.36209 curveto
39.1477 81.87877 lineto
 closepath
[0.86603 0.5 -0.5 0.86603 0 0] concat stroke grestore
gsave newpath 77.29295 59.10545 moveto
65.60126 52.35527 lineto
65.19948 52.1233 64.70439 52.12343 64.30244 52.35545 curveto
52.61095 59.10533 lineto
52.209 59.33736 51.71391 59.3375 51.31212 59.10551 curveto
39.62042 52.35533 lineto
39.2119 52.11948 38.70815 52.13231 38.29897 52.36862 curveto
26.20277 59.35211 lineto
25.79327 59.5885 25.53049 60.01848 25.53058 60.4903 curveto
25.53078 73.99037 lineto
25.53082 74.45448 25.28317 74.88342 24.88121 75.11545 curveto
13.18973 81.86534 lineto
12.78778 82.09737 12.54013 82.5263 12.54016 82.99042 curveto
12.54036 96.4905 lineto
12.5404 96.9546 12.29276 97.38354 11.8908 97.61559 curveto
0.19931 104.36546 lineto
-0.20934 104.60129 -0.45032 105.04387 -0.45029 105.5167 curveto
-0.45004 119.48405 lineto
-0.4501 119.95657 -0.20934 120.39925 0.19919 120.6351 curveto
11.89088 127.38528 lineto
12.29268 127.61726 12.54012 128.04608 12.54015 128.5102 curveto
12.54036 142.01027 lineto
12.54039 142.47438 12.78783 142.9032 13.1896 143.13516 curveto
24.8813 149.88535 lineto
25.2831 150.11732 25.53053 150.54614 25.53056 151.01025 curveto
25.53078 164.51033 lineto
25.53085 164.98215 25.7933 165.41197 26.20262 165.64828 curveto
38.29948 172.63239 lineto
38.7088 172.86871 39.21225 172.88109 39.6209 172.64525 curveto
51.3124 165.89536 lineto
51.71434 165.66333 52.20943 165.66321 52.61122 165.89517 curveto
64.30292 172.64536 lineto
64.7047 172.87733 65.19978 172.87721 65.60173 172.64519 curveto
77.29323 165.8953 lineto
77.69518 165.66327 78.19026 165.66315 78.59206 165.89511 curveto
90.28375 172.6453 lineto
90.69228 172.88116 91.19601 172.86833 91.6052 172.63202 curveto
103.70139 165.64853 lineto
104.1109 165.41214 104.37367 164.98215 104.3736 164.51035 curveto
104.3734 151.01028 lineto
104.37335 150.54616 104.621 150.11722 105.02296 149.8852 curveto
116.71445 143.1353 lineto
117.1164 142.90327 117.36404 142.47433 117.36401 142.01022 curveto
117.36382 128.51015 lineto
117.36377 128.04604 117.61142 127.6171 118.01338 127.38507 curveto
129.70486 120.63518 lineto
130.1135 120.39934 130.35449 119.95677 130.35445 119.48395 curveto
130.3542 105.51659 lineto
130.35426 105.04407 130.11351 104.6014 129.70499 104.36552 curveto
118.01329 97.61534 lineto
117.6115 97.38338 117.36406 96.95454 117.36403 96.49043 curveto
117.36382 82.99037 lineto
117.36378 82.52626 117.11635 82.09744 116.71457 81.86546 curveto
105.02287 75.11528 lineto
104.62108 74.88332 104.37364 74.45448 104.37361 73.99037 curveto
104.3734 60.49031 lineto
104.37332 60.01851 104.11087 59.58868 103.70155 59.35236 curveto
91.60469 52.36826 lineto
91.19537 52.13194 90.69193 52.11957 90.28328 52.3554 curveto
78.59178 59.10527 lineto
78.18983 59.3373 77.69475 59.33743 77.29295 59.10545 curveto closepath
[0.86603 0.5 -0.5 0.86603 0 0] concat stroke grestore
showpage
%%EOF
