%!PS
%%BoundingBox: -131 51 1 174 
%%HiResBoundingBox: -130.60416 51.93106 0.69998 173.06894 
%%Creator: MetaPost 0.901
%%CreationDate: 2008.09.19:1140
%%Pages: 1
%%BeginProlog
%%EndProlog
%%Page: 1 1
 1 0.5 0.5 setrgbcolor
newpath -91.18355 127.87491 moveto
-79.49226 134.62509 lineto
-79.20135 134.79309 -79.17938 135.19432 -79.44695 135.34882 curveto
-90.32867 141.6314 lineto
-90.71274 141.85318 -91.1863 141.83372 -91.5715 141.61148 curveto
-103.06046 134.97894 lineto
-104.31427 134.25453 lineto
-115.39764 127.85568 lineto
-115.67139 127.69753 -115.67139 127.30247 -115.39764 127.14432 curveto
-104.31427 120.74547 lineto
-103.05977 120.02106 lineto
-91.57082 113.38852 lineto
-91.18584 113.16628 -90.71251 113.14705 -90.32867 113.3686 curveto
-79.44695 119.65118 lineto
-79.17938 119.80568 -79.20135 120.20691 -79.49226 120.37491 curveto
-91.18355 127.12509 lineto
-91.47217 127.29172 -91.47217 127.70828 -91.18355 127.87491 curveto closepath
 fill
 0 setgray 0 0.5 dtransform truncate idtransform setlinewidth pop [] 0 setdash
 1 setlinejoin 10 setmiterlimit
gsave newpath -91.18355 127.87491 moveto
-79.49226 134.62509 lineto
-79.20135 134.79309 -79.17938 135.19432 -79.44695 135.34882 curveto
-90.32867 141.6314 lineto
-90.71274 141.85318 -91.1863 141.83372 -91.5715 141.61148 curveto
-103.06046 134.97894 lineto
-104.31427 134.25453 lineto
-115.39764 127.85568 lineto
-115.67139 127.69753 -115.67139 127.30247 -115.39764 127.14432 curveto
-104.31427 120.74547 lineto
-103.05977 120.02106 lineto
-91.57082 113.38852 lineto
-91.18584 113.16628 -90.71251 113.14705 -90.32867 113.3686 curveto
-79.44695 119.65118 lineto
-79.17938 119.80568 -79.20135 120.20691 -79.49226 120.37491 curveto
-91.18355 127.12509 lineto
-91.47217 127.29172 -91.47217 127.70828 -91.18355 127.87491 curveto closepath
[0 1 -1 0 0 0] concat stroke grestore
 1 1 0 setrgbcolor
newpath -78.39249 105.71136 moveto
-78.39249 118.50975 lineto
-78.39249 118.82515 -78.74016 119.0197 -79.0194 118.85857 curveto
-90.30602 112.34207 lineto
-90.69397 112.118 -91.17188 112.118 -91.55983 112.34207 curveto
-102.84645 118.85857 lineto
-103.12546 119.0197 -103.47336 118.82492 -103.47336 118.50906 curveto
-103.47336 105.71068 lineto
-103.47336 104.28864 lineto
-103.47336 91.49025 lineto
-103.47336 91.17485 -103.12569 90.9803 -102.84645 91.14143 curveto
-91.55983 97.65793 lineto
-91.17188 97.882 -90.69397 97.882 -90.30602 97.65793 curveto
-79.0194 91.14143 lineto
-78.74039 90.9803 -78.39249 91.17508 -78.39249 91.49094 curveto
-78.39249 104.28932 lineto
 closepath fill
 0 setgray
gsave newpath -78.39249 105.71136 moveto
-78.39249 118.50975 lineto
-78.39249 118.82515 -78.74016 119.0197 -79.0194 118.85857 curveto
-90.30602 112.34207 lineto
-90.69397 112.118 -91.17188 112.118 -91.55983 112.34207 curveto
-102.84645 118.85857 lineto
-103.12546 119.0197 -103.47336 118.82492 -103.47336 118.50906 curveto
-103.47336 105.71068 lineto
-103.47336 104.28864 lineto
-103.47336 91.49025 lineto
-103.47336 91.17485 -103.12569 90.9803 -102.84645 91.14143 curveto
-91.55983 97.65793 lineto
-91.17188 97.882 -90.69397 97.882 -90.30602 97.65793 curveto
-79.0194 91.14143 lineto
-78.74039 90.9803 -78.39249 91.17508 -78.39249 91.49094 curveto
-78.39249 104.28932 lineto
 closepath
[0 1 -1 0 0 0] concat stroke grestore
 1 0.35 0.5 setrgbcolor
newpath -65.60165 171.6053 moveto
-77.29294 164.85512 lineto
-77.69485 164.62303 -78.19016 164.62303 -78.59207 164.85512 curveto
-90.28336 171.6053 lineto
-90.67223 171.82983 -91.1499 171.85501 -91.53717 171.6314 curveto
-102.4189 165.34882 lineto
-102.68715 165.19386 -102.68143 164.8027 -102.40723 164.64432 curveto
-91.32385 158.24547 lineto
-90.06935 157.52106 lineto
-78.5804 150.88852 lineto
-78.18535 150.66055 -77.69897 150.66055 -77.30392 150.88852 curveto
-65.81497 157.52106 lineto
-64.56116 158.24547 lineto
-53.47778 164.64432 lineto
-53.20358 164.8027 -53.19786 165.19386 -53.46611 165.34882 curveto
-64.34784 171.6314 lineto
-64.7351 171.85501 -65.21278 171.82983 -65.60165 171.6053 curveto closepath
 fill
 0 setgray
gsave newpath -65.60165 171.6053 moveto
-77.29294 164.85512 lineto
-77.69485 164.62303 -78.19016 164.62303 -78.59207 164.85512 curveto
-90.28336 171.6053 lineto
-90.67223 171.82983 -91.1499 171.85501 -91.53717 171.6314 curveto
-102.4189 165.34882 lineto
-102.68715 165.19386 -102.68143 164.8027 -102.40723 164.64432 curveto
-91.32385 158.24547 lineto
-90.06935 157.52106 lineto
-78.5804 150.88852 lineto
-78.18535 150.66055 -77.69897 150.66055 -77.30392 150.88852 curveto
-65.81497 157.52106 lineto
-64.56116 158.24547 lineto
-53.47778 164.64432 lineto
-53.20358 164.8027 -53.19786 165.19386 -53.46611 165.34882 curveto
-64.34784 171.6314 lineto
-64.7351 171.85501 -65.21278 171.82983 -65.60165 171.6053 curveto closepath
[0 1 -1 0 0 0] concat stroke grestore
 0 0 0.2 setrgbcolor
newpath -105.00023 120.10185 moveto
-116.28685 126.61835 lineto
-116.6748 126.84242 -117.15271 126.84242 -117.54066 126.61835 curveto
-128.82729 120.10185 lineto
-129.21524 119.87778 -129.4542 119.46419 -129.4542 119.01627 curveto
-129.4542 105.98373 lineto
-129.4542 105.53581 -129.21524 105.12222 -128.82729 104.89815 curveto
-117.54066 98.38165 lineto
-117.15271 98.15758 -116.6748 98.15758 -116.28685 98.38165 curveto
-105.00023 104.89815 lineto
-104.61227 105.12222 -104.37332 105.53581 -104.37332 105.98373 curveto
-104.37332 119.01627 lineto
-104.37332 119.46419 -104.61227 119.87778 -105.00023 120.10185 curveto
 closepath fill
 0 setgray
gsave newpath -105.00023 120.10185 moveto
-116.28685 126.61835 lineto
-116.6748 126.84242 -117.15271 126.84242 -117.54066 126.61835 curveto
-128.82729 120.10185 lineto
-129.21524 119.87778 -129.4542 119.46419 -129.4542 119.01627 curveto
-129.4542 105.98373 lineto
-129.4542 105.53581 -129.21524 105.12222 -128.82729 104.89815 curveto
-117.54066 98.38165 lineto
-117.15271 98.15758 -116.6748 98.15758 -116.28685 98.38165 curveto
-105.00023 104.89815 lineto
-104.61227 105.12222 -104.37332 105.53581 -104.37332 105.98373 curveto
-104.37332 119.01627 lineto
-104.37332 119.46419 -104.61227 119.87778 -105.00023 120.10185 curveto
 closepath
[0 1 -1 0 0 0] concat stroke grestore
 1 0.65 0.7 setrgbcolor
newpath -26.8444 134.97894 moveto
-38.33336 141.61148 lineto
-38.71834 141.83372 -39.19167 141.85295 -39.5755 141.6314 curveto
-50.45723 135.34882 lineto
-50.72502 135.19409 -50.71404 134.7995 -50.43457 134.63814 curveto
-39.14818 128.12187 lineto
-38.76 127.8978 -38.52127 127.48375 -38.52127 127.0356 curveto
-38.52127 114.00307 lineto
-38.52127 113.68149 -38.17291 113.4803 -37.89436 113.6412 curveto
-26.60774 120.15793 lineto
-26.21979 120.382 -25.74188 120.382 -25.35393 120.15793 curveto
-14.0673 113.64143 lineto
-13.78784 113.48007 -13.4404 113.66821 -13.4404 113.97789 curveto
-13.4404 126.54213 lineto
-13.4404 126.9857 -13.69377 127.38625 -14.07898 127.60872 curveto
-25.56793 134.24149 lineto
 closepath fill
 0 setgray
gsave newpath -26.8444 134.97894 moveto
-38.33336 141.61148 lineto
-38.71834 141.83372 -39.19167 141.85295 -39.5755 141.6314 curveto
-50.45723 135.34882 lineto
-50.72502 135.19409 -50.71404 134.7995 -50.43457 134.63814 curveto
-39.14818 128.12187 lineto
-38.76 127.8978 -38.52127 127.48375 -38.52127 127.0356 curveto
-38.52127 114.00307 lineto
-38.52127 113.68149 -38.17291 113.4803 -37.89436 113.6412 curveto
-26.60774 120.15793 lineto
-26.21979 120.382 -25.74188 120.382 -25.35393 120.15793 curveto
-14.0673 113.64143 lineto
-13.78784 113.48007 -13.4404 113.66821 -13.4404 113.97789 curveto
-13.4404 126.54213 lineto
-13.4404 126.9857 -13.69377 127.38625 -14.07898 127.60872 curveto
-25.56793 134.24149 lineto
 closepath
[0 1 -1 0 0 0] concat stroke grestore
 0.9 0.1 0 setrgbcolor
newpath -66.02898 67.60185 moveto
-77.3156 74.11835 lineto
-77.71019 74.34631 -78.1968 74.3335 -78.59207 74.1053 curveto
-90.28336 67.35512 lineto
-90.67863 67.12692 -91.16524 67.1141 -91.55983 67.34207 curveto
-102.84645 73.85857 lineto
-103.12592 74.01993 -103.47336 73.83179 -103.47336 73.52211 curveto
-103.47336 60.95787 lineto
-103.47336 60.51842 -103.22777 60.11833 -102.84645 59.89815 curveto
-91.55983 53.38165 lineto
-91.16524 53.15369 -90.67863 53.1665 -90.28336 53.3947 curveto
-78.59207 60.14488 lineto
-78.1968 60.37308 -77.71019 60.3859 -77.3156 60.15793 curveto
-66.02898 53.64143 lineto
-65.74951 53.48007 -65.40207 53.66821 -65.40207 53.97789 curveto
-65.40207 66.54213 lineto
-65.40207 66.98158 -65.64766 67.38167 -66.02898 67.60185 curveto closepath fill
 0 setgray
gsave newpath -66.02898 67.60185 moveto
-77.3156 74.11835 lineto
-77.71019 74.34631 -78.1968 74.3335 -78.59207 74.1053 curveto
-90.28336 67.35512 lineto
-90.67863 67.12692 -91.16524 67.1141 -91.55983 67.34207 curveto
-102.84645 73.85857 lineto
-103.12592 74.01993 -103.47336 73.83179 -103.47336 73.52211 curveto
-103.47336 60.95787 lineto
-103.47336 60.51842 -103.22777 60.11833 -102.84645 59.89815 curveto
-91.55983 53.38165 lineto
-91.16524 53.15369 -90.67863 53.1665 -90.28336 53.3947 curveto
-78.59207 60.14488 lineto
-78.1968 60.37308 -77.71019 60.3859 -77.3156 60.15793 curveto
-66.02898 53.64143 lineto
-65.74951 53.48007 -65.40207 53.66821 -65.40207 53.97789 curveto
-65.40207 66.54213 lineto
-65.40207 66.98158 -65.64766 67.38167 -66.02898 67.60185 curveto closepath
[0 1 -1 0 0 0] concat stroke grestore
 0.9 0.1 0 setrgbcolor
newpath -51.31165 60.14442 moveto
-39.62036 53.39424 lineto
-39.22508 53.16605 -38.73848 53.15323 -38.34389 53.3812 curveto
-27.05772 59.89815 lineto
-26.6764 60.11833 -26.43082 60.51865 -26.43082 60.95833 curveto
-26.43082 73.52257 lineto
-26.43082 73.83202 -26.77803 74.01993 -27.05772 73.85857 curveto
-38.34389 67.34207 lineto
-38.73848 67.1141 -39.22508 67.12692 -39.62036 67.35512 curveto
-51.3121 74.10553 lineto
-51.70738 74.33372 -52.19398 74.34654 -52.58858 74.11858 curveto
-63.8752 67.60185 lineto
-64.25652 67.38167 -64.5021 66.98135 -64.5021 66.54167 curveto
-64.5021 53.97743 lineto
-64.5021 53.66798 -64.15489 53.47984 -63.8752 53.6412 curveto
-52.58812 60.15747 lineto
-52.19353 60.38544 -51.70692 60.37262 -51.31165 60.14442 curveto closepath fill
 0 setgray
gsave newpath -51.31165 60.14442 moveto
-39.62036 53.39424 lineto
-39.22508 53.16605 -38.73848 53.15323 -38.34389 53.3812 curveto
-27.05772 59.89815 lineto
-26.6764 60.11833 -26.43082 60.51865 -26.43082 60.95833 curveto
-26.43082 73.52257 lineto
-26.43082 73.83202 -26.77803 74.01993 -27.05772 73.85857 curveto
-38.34389 67.34207 lineto
-38.73848 67.1141 -39.22508 67.12692 -39.62036 67.35512 curveto
-51.3121 74.10553 lineto
-51.70738 74.33372 -52.19398 74.34654 -52.58858 74.11858 curveto
-63.8752 67.60185 lineto
-64.25652 67.38167 -64.5021 66.98135 -64.5021 66.54167 curveto
-64.5021 53.97743 lineto
-64.5021 53.66798 -64.15489 53.47984 -63.8752 53.6412 curveto
-52.58812 60.15747 lineto
-52.19353 60.38544 -51.70692 60.37262 -51.31165 60.14442 curveto closepath
[0 1 -1 0 0 0] concat stroke grestore
 0 0.5 0 setrgbcolor
newpath -1.05423 120.0888 moveto
-11.93619 126.37161 lineto
-12.20375 126.52611 -12.54044 126.30638 -12.54044 125.97061 curveto
-12.54044 112.47025 lineto
-12.54044 112.13768 -12.91283 111.93535 -13.21266 112.10838 curveto
-25.30861 119.09225 lineto
-25.70503 119.32114 -26.19095 119.3589 -26.58508 119.1314 curveto
-37.46681 112.84882 lineto
-37.73506 112.69386 -37.72934 112.3027 -37.45514 112.14432 curveto
-26.37177 105.74547 lineto
-25.11726 105.02106 lineto
-13.62831 98.38852 lineto
-13.2367 98.16238 -12.75467 98.15575 -12.36351 98.38165 curveto
-1.07689 104.89815 lineto
-0.68893 105.12222 -0.44998 105.53581 -0.44998 105.98373 curveto
-0.44998 119.01627 lineto
-0.44998 119.45663 -0.6736 119.86908 -1.05423 120.0888 curveto closepath fill
 0 setgray
gsave newpath -1.05423 120.0888 moveto
-11.93619 126.37161 lineto
-12.20375 126.52611 -12.54044 126.30638 -12.54044 125.97061 curveto
-12.54044 112.47025 lineto
-12.54044 112.13768 -12.91283 111.93535 -13.21266 112.10838 curveto
-25.30861 119.09225 lineto
-25.70503 119.32114 -26.19095 119.3589 -26.58508 119.1314 curveto
-37.46681 112.84882 lineto
-37.73506 112.69386 -37.72934 112.3027 -37.45514 112.14432 curveto
-26.37177 105.74547 lineto
-25.11726 105.02106 lineto
-13.62831 98.38852 lineto
-13.2367 98.16238 -12.75467 98.15575 -12.36351 98.38165 curveto
-1.07689 104.89815 lineto
-0.68893 105.12222 -0.44998 105.53581 -0.44998 105.98373 curveto
-0.44998 119.01627 lineto
-0.44998 119.45663 -0.6736 119.86908 -1.05423 120.0888 curveto closepath
[0 1 -1 0 0 0] concat stroke grestore
 0 0.5 0 setrgbcolor
newpath -51.23772 75.93727 moveto
-38.19878 83.4652 lineto
-36.94496 84.18892 lineto
-27.41043 89.69421 lineto
-27.1756 89.82971 -27.21268 90.19112 -27.48528 90.34859 curveto
-38.36655 96.6314 lineto
-38.76068 96.8589 -39.2466 96.82114 -39.64302 96.59225 curveto
-51.7392 89.60793 lineto
-52.0388 89.43489 -52.41142 89.63722 -52.41142 89.96979 curveto
-52.41165 103.47061 lineto
-52.41165 103.80638 -52.74834 104.02611 -53.0159 103.87161 curveto
-63.89786 97.5888 lineto
-64.27849 97.36908 -64.5021 96.95663 -64.5021 96.51627 curveto
-64.5021 83.48373 lineto
-64.5021 83.03581 -64.26315 82.62222 -63.8752 82.39815 curveto
-52.58904 75.88097 lineto
-52.17201 75.64018 -51.65794 75.69466 -51.23772 75.93727 curveto closepath fill
 0 setgray
gsave newpath -51.23772 75.93727 moveto
-38.19878 83.4652 lineto
-36.94496 84.18892 lineto
-27.41043 89.69421 lineto
-27.1756 89.82971 -27.21268 90.19112 -27.48528 90.34859 curveto
-38.36655 96.6314 lineto
-38.76068 96.8589 -39.2466 96.82114 -39.64302 96.59225 curveto
-51.7392 89.60793 lineto
-52.0388 89.43489 -52.41142 89.63722 -52.41142 89.96979 curveto
-52.41165 103.47061 lineto
-52.41165 103.80638 -52.74834 104.02611 -53.0159 103.87161 curveto
-63.89786 97.5888 lineto
-64.27849 97.36908 -64.5021 96.95663 -64.5021 96.51627 curveto
-64.5021 83.48373 lineto
-64.5021 83.03581 -64.26315 82.62222 -63.8752 82.39815 curveto
-52.58904 75.88097 lineto
-52.17201 75.64018 -51.65794 75.69466 -51.23772 75.93727 curveto closepath
[0 1 -1 0 0 0] concat stroke grestore
 0.3 1 0.3 setrgbcolor
newpath -38.34435 97.65793 moveto
-27.05727 91.14143 lineto
-26.7778 90.98007 -26.43036 91.16821 -26.43036 91.47789 curveto
-26.43036 104.04236 lineto
-26.43036 104.4896 -26.69106 104.89105 -27.07993 105.11559 curveto
-38.77144 111.86554 lineto
-39.16695 112.09373 -39.421 112.50916 -39.421 112.96486 curveto
-39.42146 125.99739 lineto
-39.42146 126.32011 -39.75792 126.52702 -40.02594 126.3723 curveto
-50.9079 120.08972 lineto
-51.29173 119.86816 -51.51215 119.44862 -51.51215 119.00414 curveto
-51.51169 105.73677 lineto
-51.51169 104.28864 lineto
-51.51169 91.49025 lineto
-51.51169 91.17485 -51.16402 90.9803 -50.88478 91.14143 curveto
-39.59816 97.65793 lineto
-39.2102 97.882 -38.7323 97.882 -38.34435 97.65793 curveto closepath fill
 0 setgray
gsave newpath -38.34435 97.65793 moveto
-27.05727 91.14143 lineto
-26.7778 90.98007 -26.43036 91.16821 -26.43036 91.47789 curveto
-26.43036 104.04236 lineto
-26.43036 104.4896 -26.69106 104.89105 -27.07993 105.11559 curveto
-38.77144 111.86554 lineto
-39.16695 112.09373 -39.421 112.50916 -39.421 112.96486 curveto
-39.42146 125.99739 lineto
-39.42146 126.32011 -39.75792 126.52702 -40.02594 126.3723 curveto
-50.9079 120.08972 lineto
-51.29173 119.86816 -51.51215 119.44862 -51.51215 119.00414 curveto
-51.51169 105.73677 lineto
-51.51169 104.28864 lineto
-51.51169 91.49025 lineto
-51.51169 91.17485 -51.16402 90.9803 -50.88478 91.14143 curveto
-39.59816 97.65793 lineto
-39.2102 97.882 -38.7323 97.882 -38.34435 97.65793 curveto closepath
[0 1 -1 0 0 0] concat stroke grestore
 0.3 1 0.3 setrgbcolor
newpath -77.49275 104.26323 moveto
-77.49252 90.99655 lineto
-77.49252 90.55206 -77.27211 90.13252 -76.88828 89.91096 curveto
-66.00632 83.62816 lineto
-65.73853 83.47343 -65.40207 83.68057 -65.40207 84.00375 curveto
-65.40207 97.03629 lineto
-65.40207 97.49176 -65.14778 97.90672 -64.7525 98.13492 curveto
-53.06053 104.8851 lineto
-52.67166 105.10963 -52.41096 105.51086 -52.41096 105.95833 curveto
-52.41142 118.52257 lineto
-52.41142 118.83179 -52.75887 119.0197 -53.03833 118.85834 curveto
-64.32541 112.3423 lineto
-64.71336 112.11823 -65.19127 112.11823 -65.57922 112.3423 curveto
-76.86562 118.85857 lineto
-77.14462 119.0197 -77.49252 118.82492 -77.49252 118.50906 curveto
-77.49275 105.71068 lineto
 closepath fill
 0 setgray
gsave newpath -77.49275 104.26323 moveto
-77.49252 90.99655 lineto
-77.49252 90.55206 -77.27211 90.13252 -76.88828 89.91096 curveto
-66.00632 83.62816 lineto
-65.73853 83.47343 -65.40207 83.68057 -65.40207 84.00375 curveto
-65.40207 97.03629 lineto
-65.40207 97.49176 -65.14778 97.90672 -64.7525 98.13492 curveto
-53.06053 104.8851 lineto
-52.67166 105.10963 -52.41096 105.51086 -52.41096 105.95833 curveto
-52.41142 118.52257 lineto
-52.41142 118.83179 -52.75887 119.0197 -53.03833 118.85834 curveto
-64.32541 112.3423 lineto
-64.71336 112.11823 -65.19127 112.11823 -65.57922 112.3423 curveto
-76.86562 118.85857 lineto
-77.14462 119.0197 -77.49252 118.82492 -77.49252 118.50906 curveto
-77.49275 105.71068 lineto
 closepath
[0 1 -1 0 0 0] concat stroke grestore
 0.45 0.2 0.1 setrgbcolor
newpath -39.62082 171.6053 moveto
-51.31004 164.85626 lineto
-52.60918 164.10645 lineto
-64.29955 157.35672 lineto
-65.55405 156.633 lineto
-76.43738 150.34859 lineto
-76.70609 150.1934 -76.70654 149.80591 -76.43806 149.65096 curveto
-65.55634 143.36838 lineto
-65.16907 143.14476 -64.69139 143.16994 -64.30252 143.39447 curveto
-52.60918 150.1458 lineto
-51.31004 150.89561 lineto
-39.6199 157.64534 lineto
-38.36609 158.36906 lineto
-27.48528 164.65118 lineto
-27.2168 164.80614 -27.2168 165.19386 -27.48528 165.34882 curveto
-38.367 171.6314 lineto
-38.75427 171.85501 -39.23195 171.82983 -39.62082 171.6053 curveto closepath
 fill
 0 setgray
gsave newpath -39.62082 171.6053 moveto
-51.31004 164.85626 lineto
-52.60918 164.10645 lineto
-64.29955 157.35672 lineto
-65.55405 156.633 lineto
-76.43738 150.34859 lineto
-76.70609 150.1934 -76.70654 149.80591 -76.43806 149.65096 curveto
-65.55634 143.36838 lineto
-65.16907 143.14476 -64.69139 143.16994 -64.30252 143.39447 curveto
-52.60918 150.1458 lineto
-51.31004 150.89561 lineto
-39.6199 157.64534 lineto
-38.36609 158.36906 lineto
-27.48528 164.65118 lineto
-27.2168 164.80614 -27.2168 165.19386 -27.48528 165.34882 curveto
-38.367 171.6314 lineto
-38.75427 171.85501 -39.23195 171.82983 -39.62082 171.6053 curveto closepath
[0 1 -1 0 0 0] concat stroke grestore
 0.45 0.2 0.1 setrgbcolor
newpath -74.64432 87.57637 moveto
-77.98187 89.5031 lineto
-78.80585 89.97894 lineto
-90.2948 96.61125 lineto
-90.67978 96.8335 -91.1531 96.85272 -91.53694 96.63116 curveto
-102.41821 90.34859 lineto
-102.68646 90.19363 -102.68074 89.80247 -102.40654 89.64409 curveto
-91.32362 83.24547 lineto
-91.15997 83.15094 -90.75531 82.91748 -91.02013 83.07037 curveto
-96.64375 86.31706 lineto
-97.76779 86.96594 -96.05026 85.97443 -95.3556 85.57343 curveto
-66.55197 68.94333 lineto
-65.8287 68.52585 -65.05554 67.96005 -64.34784 68.3686 curveto
-53.46611 74.65118 lineto
-53.12439 74.84848 -53.43155 75.32867 -53.94196 75.62347 curveto
-73.37883 86.84578 lineto
 closepath fill
 0 setgray
gsave newpath -74.64432 87.57637 moveto
-77.98187 89.5031 lineto
-78.80585 89.97894 lineto
-90.2948 96.61125 lineto
-90.67978 96.8335 -91.1531 96.85272 -91.53694 96.63116 curveto
-102.41821 90.34859 lineto
-102.68646 90.19363 -102.68074 89.80247 -102.40654 89.64409 curveto
-91.32362 83.24547 lineto
-91.15997 83.15094 -90.75531 82.91748 -91.02013 83.07037 curveto
-96.64375 86.31706 lineto
-97.76779 86.96594 -96.05026 85.97443 -95.3556 85.57343 curveto
-66.55197 68.94333 lineto
-65.8287 68.52585 -65.05554 67.96005 -64.34784 68.3686 curveto
-53.46611 74.65118 lineto
-53.12439 74.84848 -53.43155 75.32867 -53.94196 75.62347 curveto
-73.37883 86.84578 lineto
 closepath
[0 1 -1 0 0 0] concat stroke grestore
 1 0.5 0.2 setrgbcolor
newpath -115.83687 82.39815 moveto
-104.54979 75.8812 lineto
-103.27332 75.14442 lineto
-91.58203 68.3947 lineto
-91.19316 68.17017 -90.71548 68.14499 -90.32822 68.3686 curveto
-79.44626 74.65118 lineto
-79.16405 74.81415 -79.0496 75.11948 -79.24576 75.23277 curveto
-86.50703 79.42543 lineto
-87.78351 80.1622 lineto
-103.50014 89.236 lineto
-103.97118 89.5079 -104.37332 89.92905 -104.37332 90.46417 curveto
-104.37332 103.4967 lineto
-104.37332 103.81943 -104.70955 104.02634 -104.97757 103.87161 curveto
-115.85953 97.5888 lineto
-116.24016 97.36908 -116.46378 96.95663 -116.46378 96.51627 curveto
-116.46378 83.48373 lineto
-116.46378 83.03581 -116.22482 82.62222 -115.83687 82.39815 curveto closepath
 fill
 0 setgray
gsave newpath -115.83687 82.39815 moveto
-104.54979 75.8812 lineto
-103.27332 75.14442 lineto
-91.58203 68.3947 lineto
-91.19316 68.17017 -90.71548 68.14499 -90.32822 68.3686 curveto
-79.44626 74.65118 lineto
-79.16405 74.81415 -79.0496 75.11948 -79.24576 75.23277 curveto
-86.50703 79.42543 lineto
-87.78351 80.1622 lineto
-103.50014 89.236 lineto
-103.97118 89.5079 -104.37332 89.92905 -104.37332 90.46417 curveto
-104.37332 103.4967 lineto
-104.37332 103.81943 -104.70955 104.02634 -104.97757 103.87161 curveto
-115.85953 97.5888 lineto
-116.24016 97.36908 -116.46378 96.95663 -116.46378 96.51627 curveto
-116.46378 83.48373 lineto
-116.46378 83.03581 -116.22482 82.62222 -115.83687 82.39815 curveto closepath
[0 1 -1 0 0 0] concat stroke grestore
 1 0.5 0.2 setrgbcolor
newpath -25.53085 103.49648 moveto
-25.53108 90.46394 lineto
-25.53108 89.91531 -25.95749 89.49417 -26.44089 89.21494 curveto
-42.81601 79.76028 lineto
-44.09248 79.02351 lineto
-50.69412 75.21172 lineto
-50.88593 75.10094 -50.74104 74.81575 -50.45654 74.65141 curveto
-39.5755 68.3686 lineto
-39.19144 68.14682 -38.71788 68.16628 -38.33267 68.38852 curveto
-26.84372 75.02106 lineto
-25.56725 75.75851 lineto
-14.0783 82.39128 lineto
-13.68668 82.61742 -13.4404 83.03192 -13.4404 83.48373 curveto
-13.4404 96.51627 lineto
-13.4404 96.95663 -13.66402 97.36908 -14.04465 97.5888 curveto
-24.9266 103.87184 lineto
-25.19463 104.02657 -25.53085 103.81943 -25.53085 103.49648 curveto closepath
 fill
 0 setgray
gsave newpath -25.53085 103.49648 moveto
-25.53108 90.46394 lineto
-25.53108 89.91531 -25.95749 89.49417 -26.44089 89.21494 curveto
-42.81601 79.76028 lineto
-44.09248 79.02351 lineto
-50.69412 75.21172 lineto
-50.88593 75.10094 -50.74104 74.81575 -50.45654 74.65141 curveto
-39.5755 68.3686 lineto
-39.19144 68.14682 -38.71788 68.16628 -38.33267 68.38852 curveto
-26.84372 75.02106 lineto
-25.56725 75.75851 lineto
-14.0783 82.39128 lineto
-13.68668 82.61742 -13.4404 83.03192 -13.4404 83.48373 curveto
-13.4404 96.51627 lineto
-13.4404 96.95663 -13.66402 97.36908 -14.04465 97.5888 curveto
-24.9266 103.87184 lineto
-25.19463 104.02657 -25.53085 103.81943 -25.53085 103.49648 curveto closepath
[0 1 -1 0 0 0] concat stroke grestore
 0.3 0.3 1 setrgbcolor
newpath -89.38316 142.12509 moveto
-77.69188 135.37491 lineto
-77.40326 135.20828 -77.40326 134.79172 -77.69188 134.62509 curveto
-89.38293 127.87468 lineto
-89.67316 127.70714 -89.6894 127.30156 -89.41658 127.14409 curveto
-78.3332 120.74501 lineto
-77.10136 120.03365 lineto
-66.01776 113.6348 lineto
-65.72594 113.46634 -65.40184 113.3828 -65.40184 113.61488 curveto
-65.40184 119.66423 lineto
-65.40184 121.11237 lineto
-65.40207 141.12854 lineto
-65.40207 141.70807 -65.53665 142.31781 -66.02898 142.60208 curveto
-77.3156 149.11835 lineto
-77.69691 149.33853 -78.16612 149.35112 -78.54675 149.1314 curveto
-89.42848 142.84882 lineto
-89.69604 142.69432 -89.67407 142.29309 -89.38316 142.12509 curveto closepath
 fill
 0 setgray
gsave newpath -89.38316 142.12509 moveto
-77.69188 135.37491 lineto
-77.40326 135.20828 -77.40326 134.79172 -77.69188 134.62509 curveto
-89.38293 127.87468 lineto
-89.67316 127.70714 -89.6894 127.30156 -89.41658 127.14409 curveto
-78.3332 120.74501 lineto
-77.10136 120.03365 lineto
-66.01776 113.6348 lineto
-65.72594 113.46634 -65.40184 113.3828 -65.40184 113.61488 curveto
-65.40184 119.66423 lineto
-65.40184 121.11237 lineto
-65.40207 141.12854 lineto
-65.40207 141.70807 -65.53665 142.31781 -66.02898 142.60208 curveto
-77.3156 149.11835 lineto
-77.69691 149.33853 -78.16612 149.35112 -78.54675 149.1314 curveto
-89.42848 142.84882 lineto
-89.69604 142.69432 -89.67407 142.29309 -89.38316 142.12509 curveto closepath
[0 1 -1 0 0 0] concat stroke grestore
 0.3 0.3 1 setrgbcolor
newpath -64.50233 141.12831 moveto
-64.50233 121.11168 lineto
-64.50233 119.66423 lineto
-64.50233 113.61511 lineto
-64.50233 113.45718 -64.28238 113.40614 -64.09172 113.51624 curveto
-56.7025 117.7826 lineto
-55.47066 118.49327 lineto
-40.6929 127.02621 lineto
-40.31708 127.24342 -40.2285 127.70576 -40.52124 127.87491 curveto
-52.21275 134.62509 lineto
-52.50137 134.79172 -52.50137 135.20828 -52.21275 135.37491 curveto
-40.52124 142.12509 lineto
-40.23033 142.29309 -40.20836 142.69432 -40.47592 142.84882 curveto
-51.35765 149.1314 lineto
-51.73828 149.35112 -52.20749 149.33853 -52.5888 149.11835 curveto
-63.87543 142.60254 lineto
-64.36775 142.31827 -64.50233 141.7083 -64.50233 141.12831 curveto closepath
 fill
 0 setgray
gsave newpath -64.50233 141.12831 moveto
-64.50233 121.11168 lineto
-64.50233 119.66423 lineto
-64.50233 113.61511 lineto
-64.50233 113.45718 -64.28238 113.40614 -64.09172 113.51624 curveto
-56.7025 117.7826 lineto
-55.47066 118.49327 lineto
-40.6929 127.02621 lineto
-40.31708 127.24342 -40.2285 127.70576 -40.52124 127.87491 curveto
-52.21275 134.62509 lineto
-52.50137 134.79172 -52.50137 135.20828 -52.21275 135.37491 curveto
-40.52124 142.12509 lineto
-40.23033 142.29309 -40.20836 142.69432 -40.47592 142.84882 curveto
-51.35765 149.1314 lineto
-51.73828 149.35112 -52.20749 149.33853 -52.5888 149.11835 curveto
-63.87543 142.60254 lineto
-64.36775 142.31827 -64.50233 141.7083 -64.50233 141.12831 curveto closepath
[0 1 -1 0 0 0] concat stroke grestore
 0.1 0 0.5 setrgbcolor
newpath -91.77383 157.4659 moveto
-102.85744 163.86475 lineto
-103.13095 164.02267 -103.47336 163.81851 -103.47336 163.49625 curveto
-103.47336 150.46371 lineto
-103.47336 150.00824 -103.72765 149.59328 -104.12292 149.36508 curveto
-115.81421 142.61467 lineto
-116.20308 142.39014 -116.46378 141.98868 -116.46378 141.54144 curveto
-116.46378 128.9772 lineto
-116.46378 128.66776 -116.11656 128.47984 -115.83687 128.6412 curveto
-104.54819 135.15884 lineto
-103.27171 135.89561 lineto
-91.58157 142.64534 lineto
-90.32776 143.36906 lineto
-79.44695 149.65118 lineto
-79.1787 149.80614 -79.18442 150.1973 -79.45862 150.35568 curveto
-90.54199 156.75453 lineto
 closepath fill
 0 setgray
gsave newpath -91.77383 157.4659 moveto
-102.85744 163.86475 lineto
-103.13095 164.02267 -103.47336 163.81851 -103.47336 163.49625 curveto
-103.47336 150.46371 lineto
-103.47336 150.00824 -103.72765 149.59328 -104.12292 149.36508 curveto
-115.81421 142.61467 lineto
-116.20308 142.39014 -116.46378 141.98868 -116.46378 141.54144 curveto
-116.46378 128.9772 lineto
-116.46378 128.66776 -116.11656 128.47984 -115.83687 128.6412 curveto
-104.54819 135.15884 lineto
-103.27171 135.89561 lineto
-91.58157 142.64534 lineto
-90.32776 143.36906 lineto
-79.44695 149.65118 lineto
-79.1787 149.80614 -79.18442 150.1973 -79.45862 150.35568 curveto
-90.54199 156.75453 lineto
 closepath
[0 1 -1 0 0 0] concat stroke grestore
 0.1 0 0.5 setrgbcolor
newpath -36.9223 141.83624 moveto
-22.97356 133.78326 lineto
-21.76094 133.08357 lineto
-13.87871 128.53226 lineto
-13.675 128.41461 -13.44063 128.65425 -13.44063 128.97789 curveto
-13.44017 141.54213 lineto
-13.44017 141.98936 -13.70087 142.39037 -14.08974 142.6149 curveto
-25.78125 149.36508 lineto
-26.17676 149.5935 -26.43082 150.0087 -26.43082 150.4644 curveto
-26.43036 163.49739 lineto
-26.43036 163.82217 -26.74942 164.03664 -27.00302 163.89015 curveto
-37.31026 157.93877 lineto
-38.5421 157.22809 lineto
-50.4023 150.3804 lineto
-50.69504 150.21149 -50.69069 149.78577 -50.39337 149.6141 curveto
-38.36563 142.66983 lineto
 closepath fill
 0 setgray
gsave newpath -36.9223 141.83624 moveto
-22.97356 133.78326 lineto
-21.76094 133.08357 lineto
-13.87871 128.53226 lineto
-13.675 128.41461 -13.44063 128.65425 -13.44063 128.97789 curveto
-13.44017 141.54213 lineto
-13.44017 141.98936 -13.70087 142.39037 -14.08974 142.6149 curveto
-25.78125 149.36508 lineto
-26.17676 149.5935 -26.43082 150.0087 -26.43082 150.4644 curveto
-26.43036 163.49739 lineto
-26.43036 163.82217 -26.74942 164.03664 -27.00302 163.89015 curveto
-37.31026 157.93877 lineto
-38.5421 157.22809 lineto
-50.4023 150.3804 lineto
-50.69504 150.21149 -50.69069 149.78577 -50.39337 149.6141 curveto
-38.36563 142.66983 lineto
 closepath
[0 1 -1 0 0 0] concat stroke grestore
gsave newpath -12.54044 96.49017 moveto
-12.54044 82.9898 lineto
-12.54044 82.52586 -12.78809 82.09717 -13.19 81.86508 curveto
-24.88129 75.1149 lineto
-25.2832 74.88281 -25.53085 74.45412 -25.53085 73.99017 curveto
-25.53085 60.4898 lineto
-25.53085 60.01808 -25.79384 59.58824 -26.20308 59.35204 curveto
-38.29903 52.36816 lineto
-38.7085 52.13173 -39.21227 52.11914 -39.62082 52.35512 curveto
-51.3121 59.1053 lineto
-51.71402 59.33739 -52.20932 59.33739 -52.61124 59.1053 curveto
-64.30252 52.35512 lineto
-64.70444 52.12303 -65.19974 52.12303 -65.60165 52.35512 curveto
-77.29294 59.1053 lineto
-77.69485 59.33739 -78.19016 59.33739 -78.59207 59.1053 curveto
-90.28336 52.35512 lineto
-90.69191 52.11914 -91.19568 52.13173 -91.60515 52.36816 curveto
-103.7011 59.35204 lineto
-104.11034 59.58824 -104.37332 60.01808 -104.37332 60.4898 curveto
-104.37332 73.99017 lineto
-104.37332 74.45412 -104.62097 74.88281 -105.02289 75.1149 curveto
-116.71417 81.86508 lineto
-117.11609 82.09717 -117.36374 82.52586 -117.36374 82.9898 curveto
-117.36374 96.49017 lineto
-117.36374 96.95412 -117.61139 97.38281 -118.0133 97.6149 curveto
-129.70459 104.36508 lineto
-130.11314 104.60106 -130.35416 105.04326 -130.35416 105.5159 curveto
-130.35416 119.4841 lineto
-130.35416 119.95674 -130.11314 120.39894 -129.70459 120.63492 curveto
-118.0133 127.3851 lineto
-117.61139 127.61719 -117.36374 128.04588 -117.36374 128.50983 curveto
-117.36374 142.0102 lineto
-117.36374 142.47414 -117.11609 142.90283 -116.71417 143.13492 curveto
-105.02289 149.8851 lineto
-104.62097 150.11719 -104.37332 150.54588 -104.37332 151.00983 curveto
-104.37332 164.5102 lineto
-104.37332 164.98192 -104.11034 165.41176 -103.7011 165.64796 curveto
-91.60515 172.63184 lineto
-91.19568 172.86827 -90.69191 172.88086 -90.28336 172.64488 curveto
-78.59207 165.8947 lineto
-78.19016 165.66261 -77.69485 165.66261 -77.29294 165.8947 curveto
-65.60165 172.64488 lineto
-65.19974 172.87697 -64.70444 172.87697 -64.30252 172.64488 curveto
-52.61124 165.8947 lineto
-52.20932 165.66261 -51.71402 165.66261 -51.3121 165.8947 curveto
-39.62082 172.64488 lineto
-39.21227 172.88086 -38.7085 172.86827 -38.29903 172.63184 curveto
-26.20308 165.64796 lineto
-25.79384 165.41176 -25.53085 164.98192 -25.53085 164.5102 curveto
-25.53085 151.00983 lineto
-25.53085 150.54588 -25.2832 150.11719 -24.88129 149.8851 curveto
-13.19 143.13492 lineto
-12.78809 142.90283 -12.54044 142.47414 -12.54044 142.0102 curveto
-12.54044 128.50983 lineto
-12.54044 128.04588 -12.29279 127.61719 -11.89087 127.3851 curveto
-0.19958 120.63492 lineto
0.20897 120.39894 0.44998 119.95674 0.44998 119.4841 curveto
0.44998 105.5159 lineto
0.44998 105.04326 0.20897 104.60106 -0.19958 104.36508 curveto
-11.89087 97.6149 lineto
-12.29279 97.38281 -12.54044 96.95412 -12.54044 96.49017 curveto closepath
[0 1 -1 0 0 0] concat stroke grestore
showpage
%%EOF
