%!PS
%%BoundingBox: 30 0 188 78 
%%HiResBoundingBox: 30.83359 0.19975 187.03246 77.74252 
%%Creator: MetaPost 0.901
%%CreationDate: 2008.09.19:1140
%%Pages: 1
%%BeginProlog
%%EndProlog
%%Page: 1 1
 1 0.5 0.5 setrgbcolor
newpath 127.09534 13.19 moveto
133.84552 24.88129 lineto
134.01352 25.1722 133.83156 25.53085 133.52211 25.53085 curveto
120.95787 25.53085 lineto
120.5143 25.53085 120.11353 25.27748 119.89105 24.89227 curveto
113.25806 13.40332 lineto
112.53365 12.14928 lineto
106.1348 1.06567 lineto
105.96634 0.77385 105.8828 0.44975 106.11488 0.44975 curveto
112.16423 0.44975 lineto
113.61237 0.44975 lineto
133.62854 0.44998 lineto
134.2012 0.44998 134.80843 0.56831 135.08904 1.05423 curveto
141.37161 11.93619 lineto
141.52611 12.20375 141.30638 12.54044 140.97061 12.54044 curveto
127.47025 12.54044 lineto
127.137 12.54044 126.92848 12.90138 127.09534 13.19 curveto closepath fill
 0 setgray 0 0.5 dtransform truncate idtransform setlinewidth pop [] 0 setdash
 1 setlinejoin 10 setmiterlimit
newpath 127.09534 13.19 moveto
133.84552 24.88129 lineto
134.01352 25.1722 133.83156 25.53085 133.52211 25.53085 curveto
120.95787 25.53085 lineto
120.5143 25.53085 120.11353 25.27748 119.89105 24.89227 curveto
113.25806 13.40332 lineto
112.53365 12.14928 lineto
106.1348 1.06567 lineto
105.96634 0.77385 105.8828 0.44975 106.11488 0.44975 curveto
112.16423 0.44975 lineto
113.61237 0.44975 lineto
133.62854 0.44998 lineto
134.2012 0.44998 134.80843 0.56831 135.08904 1.05423 curveto
141.37161 11.93619 lineto
141.52611 12.20375 141.30638 12.54044 140.97061 12.54044 curveto
127.47025 12.54044 lineto
127.137 12.54044 126.92848 12.90138 127.09534 13.19 curveto closepath stroke
 1 1 0 setrgbcolor
newpath 45.71136 26.43082 moveto
58.50975 26.43082 lineto
58.82515 26.43082 59.0197 26.77849 58.85857 27.05772 curveto
52.34207 38.34435 lineto
52.118 38.7323 52.118 39.2102 52.34207 39.59816 curveto
58.85857 50.88478 lineto
59.0197 51.16379 58.82492 51.51169 58.50906 51.51169 curveto
45.71068 51.51169 lineto
44.28864 51.51169 lineto
31.49025 51.51169 lineto
31.17485 51.51169 30.9803 51.16402 31.14143 50.88478 curveto
37.65793 39.59816 lineto
37.882 39.2102 37.882 38.7323 37.65793 38.34435 curveto
31.14143 27.05772 lineto
30.9803 26.77872 31.17508 26.43082 31.49094 26.43082 curveto
44.28932 26.43082 lineto
 closepath fill
 0 setgray
newpath 45.71136 26.43082 moveto
58.50975 26.43082 lineto
58.82515 26.43082 59.0197 26.77849 58.85857 27.05772 curveto
52.34207 38.34435 lineto
52.118 38.7323 52.118 39.2102 52.34207 39.59816 curveto
58.85857 50.88478 lineto
59.0197 51.16379 58.82492 51.51169 58.50906 51.51169 curveto
45.71068 51.51169 lineto
44.28864 51.51169 lineto
31.49025 51.51169 lineto
31.17485 51.51169 30.9803 51.16402 31.14143 50.88478 curveto
37.65793 39.59816 lineto
37.882 39.2102 37.882 38.7323 37.65793 38.34435 curveto
31.14143 27.05772 lineto
30.9803 26.77872 31.17508 26.43082 31.49094 26.43082 curveto
44.28932 26.43082 lineto
 closepath stroke
 1 0.35 0.5 setrgbcolor
newpath 165.8947 51.3121 moveto
172.64488 39.62036 lineto
172.87697 39.21844 172.87697 38.72314 172.64488 38.32123 curveto
165.8947 26.62971 lineto
165.67017 26.24084 165.64499 25.76317 165.8686 25.3759 curveto
172.15118 14.4944 lineto
172.31621 14.2083 172.56248 13.9991 172.67441 14.19296 curveto
175.81902 19.63829 lineto
176.54274 20.89279 lineto
186.4309 38.0191 lineto
186.73576 38.5469 186.85616 39.1864 186.55518 39.70757 curveto
178.90091 52.96463 lineto
178.17719 54.21913 lineto
172.79869 63.53416 lineto
172.66594 63.76419 172.30911 63.72116 172.15118 63.44765 curveto
165.8686 52.56592 lineto
165.64499 52.17865 165.67017 51.70097 165.8947 51.3121 curveto closepath fill
 0 setgray
newpath 165.8947 51.3121 moveto
172.64488 39.62036 lineto
172.87697 39.21844 172.87697 38.72314 172.64488 38.32123 curveto
165.8947 26.62971 lineto
165.67017 26.24084 165.64499 25.76317 165.8686 25.3759 curveto
172.15118 14.4944 lineto
172.31621 14.2083 172.56248 13.9991 172.67441 14.19296 curveto
175.81902 19.63829 lineto
176.54274 20.89279 lineto
186.4309 38.0191 lineto
186.73576 38.5469 186.85616 39.1864 186.55518 39.70757 curveto
178.90091 52.96463 lineto
178.17719 54.21913 lineto
172.79869 63.53416 lineto
172.66594 63.76419 172.30911 63.72116 172.15118 63.44765 curveto
165.8686 52.56592 lineto
165.64499 52.17865 165.67017 51.70097 165.8947 51.3121 curveto closepath stroke
 0 0 0.2 setrgbcolor
newpath 75.10185 27.05772 moveto
81.61835 38.34435 lineto
81.84242 38.7323 81.84242 39.2102 81.61835 39.59816 curveto
75.10185 50.88478 lineto
74.87778 51.27274 74.46419 51.51169 74.01627 51.51169 curveto
60.98373 51.51169 lineto
60.53581 51.51169 60.12222 51.27274 59.89815 50.88478 curveto
53.38165 39.59816 lineto
53.15758 39.2102 53.15758 38.7323 53.38165 38.34435 curveto
59.89815 27.05772 lineto
60.12222 26.66977 60.53581 26.43082 60.98373 26.43082 curveto
74.01627 26.43082 lineto
74.46419 26.43082 74.87778 26.66977 75.10185 27.05772 curveto closepath fill
 0 setgray
newpath 75.10185 27.05772 moveto
81.61835 38.34435 lineto
81.84242 38.7323 81.84242 39.2102 81.61835 39.59816 curveto
75.10185 50.88478 lineto
74.87778 51.27274 74.46419 51.51169 74.01627 51.51169 curveto
60.98373 51.51169 lineto
60.53581 51.51169 60.12222 51.27274 59.89815 50.88478 curveto
53.38165 39.59816 lineto
53.15758 39.2102 53.15758 38.7323 53.38165 38.34435 curveto
59.89815 27.05772 lineto
60.12222 26.66977 60.53581 26.43082 60.98373 26.43082 curveto
74.01627 26.43082 lineto
74.46419 26.43082 74.87778 26.66977 75.10185 27.05772 curveto closepath stroke
 1 0.65 0.7 setrgbcolor
newpath 149.26323 77.49252 moveto
135.99655 77.4923 lineto
135.55206 77.4923 135.13252 77.27188 134.91096 76.88805 curveto
128.62793 66.00609 lineto
128.4732 65.7383 128.68034 65.40184 129.00352 65.40184 curveto
142.03606 65.40184 lineto
142.48398 65.40184 142.89757 65.16289 143.12164 64.77493 curveto
149.63814 53.48831 lineto
149.79904 53.20976 150.20096 53.20976 150.36186 53.48831 curveto
156.87813 64.77516 lineto
157.1022 65.16312 157.51625 65.40207 157.96417 65.40207 curveto
170.9967 65.40207 lineto
171.31943 65.40207 171.52634 65.7383 171.37161 66.00632 curveto
165.0888 76.88828 lineto
164.86725 77.27211 164.44771 77.49252 164.00322 77.49252 curveto
150.73677 77.49252 lineto
 closepath fill
 0 setgray
newpath 149.26323 77.49252 moveto
135.99655 77.4923 lineto
135.55206 77.4923 135.13252 77.27188 134.91096 76.88805 curveto
128.62793 66.00609 lineto
128.4732 65.7383 128.68034 65.40184 129.00352 65.40184 curveto
142.03606 65.40184 lineto
142.48398 65.40184 142.89757 65.16289 143.12164 64.77493 curveto
149.63814 53.48831 lineto
149.79904 53.20976 150.20096 53.20976 150.36186 53.48831 curveto
156.87813 64.77516 lineto
157.1022 65.16312 157.51625 65.40207 157.96417 65.40207 curveto
170.9967 65.40207 lineto
171.31943 65.40207 171.52634 65.7383 171.37161 66.00632 curveto
165.0888 76.88828 lineto
164.86725 77.27211 164.44771 77.49252 164.00322 77.49252 curveto
150.73677 77.49252 lineto
 closepath stroke
 0.9 0.1 0 setrgbcolor
newpath 165.10185 27.05772 moveto
171.61835 38.34435 lineto
171.84631 38.73894 171.8335 39.22554 171.6053 39.62082 curveto
164.85512 51.3121 lineto
164.62692 51.70738 164.6141 52.19398 164.84207 52.58858 curveto
171.35857 63.8752 lineto
171.51993 64.15466 171.33179 64.5021 171.02211 64.5021 curveto
158.45787 64.5021 lineto
158.01842 64.5021 157.61833 64.25652 157.39815 63.8752 curveto
150.88165 52.58858 lineto
150.65369 52.19398 150.6665 51.70738 150.8947 51.3121 curveto
157.64488 39.62082 lineto
157.87308 39.22554 157.8859 38.73894 157.65793 38.34435 curveto
151.14143 27.05772 lineto
150.98007 26.77826 151.16821 26.43082 151.47789 26.43082 curveto
164.04213 26.43082 lineto
164.48158 26.43082 164.88167 26.6764 165.10185 27.05772 curveto closepath fill
 0 setgray
newpath 165.10185 27.05772 moveto
171.61835 38.34435 lineto
171.84631 38.73894 171.8335 39.22554 171.6053 39.62082 curveto
164.85512 51.3121 lineto
164.62692 51.70738 164.6141 52.19398 164.84207 52.58858 curveto
171.35857 63.8752 lineto
171.51993 64.15466 171.33179 64.5021 171.02211 64.5021 curveto
158.45787 64.5021 lineto
158.01842 64.5021 157.61833 64.25652 157.39815 63.8752 curveto
150.88165 52.58858 lineto
150.65369 52.19398 150.6665 51.70738 150.8947 51.3121 curveto
157.64488 39.62082 lineto
157.87308 39.22554 157.8859 38.73894 157.65793 38.34435 curveto
151.14143 27.05772 lineto
150.98007 26.77826 151.16821 26.43082 151.47789 26.43082 curveto
164.04213 26.43082 lineto
164.48158 26.43082 164.88167 26.6764 165.10185 27.05772 curveto closepath
 stroke
 0 0.5 0 setrgbcolor
newpath 164.04167 25.53085 moveto
151.47743 25.53085 lineto
151.16821 25.53085 150.98625 25.1722 151.15425 24.88129 curveto
157.90489 13.19 lineto
158.07129 12.90207 157.84996 12.54044 157.50389 12.54044 curveto
143.53569 12.5402 lineto
143.07816 12.5402 142.63847 12.32986 142.41096 11.93596 curveto
136.12793 1.054 lineto
135.96268 0.76767 135.88875 0.44975 136.11488 0.44975 curveto
142.16423 0.44975 lineto
143.61237 0.44975 lineto
163.62854 0.44998 lineto
164.20807 0.44998 164.81781 0.58456 165.10208 1.07689 curveto
171.61835 12.36351 lineto
171.84242 12.75146 171.84242 13.22937 171.61835 13.61732 curveto
165.10185 24.90395 lineto
164.88167 25.28526 164.48135 25.53085 164.04167 25.53085 curveto closepath fill
 0 setgray
newpath 164.04167 25.53085 moveto
151.47743 25.53085 lineto
151.16821 25.53085 150.98625 25.1722 151.15425 24.88129 curveto
157.90489 13.19 lineto
158.07129 12.90207 157.84996 12.54044 157.50389 12.54044 curveto
143.53569 12.5402 lineto
143.07816 12.5402 142.63847 12.32986 142.41096 11.93596 curveto
136.12793 1.054 lineto
135.96268 0.76767 135.88875 0.44975 136.11488 0.44975 curveto
142.16423 0.44975 lineto
143.61237 0.44975 lineto
163.62854 0.44998 lineto
164.20807 0.44998 164.81781 0.58456 165.10208 1.07689 curveto
171.61835 12.36351 lineto
171.84242 12.75146 171.84242 13.22937 171.61835 13.61732 curveto
165.10185 24.90395 lineto
164.88167 25.28526 164.48135 25.53085 164.04167 25.53085 curveto closepath
 stroke
 0.3 1 0.3 setrgbcolor
newpath 82.65793 38.34435 moveto
76.14143 27.05727 lineto
75.98007 26.7778 76.16821 26.43036 76.47789 26.43036 curveto
89.04236 26.43036 lineto
89.4896 26.43036 89.89105 26.69106 90.11559 27.07993 curveto
96.86554 38.77144 lineto
97.09373 39.16695 97.50916 39.421 97.96486 39.421 curveto
110.99739 39.42146 lineto
111.32011 39.42146 111.52702 39.75792 111.3723 40.02594 curveto
105.08972 50.9079 lineto
104.86816 51.29173 104.44862 51.51215 104.00414 51.51215 curveto
90.73677 51.51169 lineto
89.28864 51.51169 lineto
76.49025 51.51169 lineto
76.17485 51.51169 75.9803 51.16402 76.14143 50.88478 curveto
82.65793 39.59816 lineto
82.882 39.2102 82.882 38.7323 82.65793 38.34435 curveto closepath fill
 0 setgray
newpath 82.65793 38.34435 moveto
76.14143 27.05727 lineto
75.98007 26.7778 76.16821 26.43036 76.47789 26.43036 curveto
89.04236 26.43036 lineto
89.4896 26.43036 89.89105 26.69106 90.11559 27.07993 curveto
96.86554 38.77144 lineto
97.09373 39.16695 97.50916 39.421 97.96486 39.421 curveto
110.99739 39.42146 lineto
111.32011 39.42146 111.52702 39.75792 111.3723 40.02594 curveto
105.08972 50.9079 lineto
104.86816 51.29173 104.44862 51.51215 104.00414 51.51215 curveto
90.73677 51.51169 lineto
89.28864 51.51169 lineto
76.49025 51.51169 lineto
76.17485 51.51169 75.9803 51.16402 76.14143 50.88478 curveto
82.65793 39.59816 lineto
82.882 39.2102 82.882 38.7323 82.65793 38.34435 curveto closepath stroke
 0.45 0.2 0.1 setrgbcolor
newpath 105.74959 26.43082 moveto
119.24995 26.43082 lineto
120.73654 26.43082 lineto
134.00276 26.43082 lineto
134.44725 26.43082 134.86679 26.65123 135.08835 27.03506 curveto
141.37115 37.91702 lineto
141.52588 38.18527 141.32538 38.52127 141.0086 38.52127 curveto
128.21045 38.52127 lineto
126.74995 38.52127 lineto
113.24959 38.52127 lineto
111.763 38.52127 lineto
98.49678 38.52127 lineto
98.05229 38.52127 97.63275 38.30086 97.4112 37.91702 curveto
91.12839 27.03506 lineto
90.97366 26.76682 91.17416 26.43082 91.49094 26.43082 curveto
104.2891 26.43082 lineto
 closepath fill
 0 setgray
newpath 105.74959 26.43082 moveto
119.24995 26.43082 lineto
120.73654 26.43082 lineto
134.00276 26.43082 lineto
134.44725 26.43082 134.86679 26.65123 135.08835 27.03506 curveto
141.37115 37.91702 lineto
141.52588 38.18527 141.32538 38.52127 141.0086 38.52127 curveto
128.21045 38.52127 lineto
126.74995 38.52127 lineto
113.24959 38.52127 lineto
111.763 38.52127 lineto
98.49678 38.52127 lineto
98.05229 38.52127 97.63275 38.30086 97.4112 37.91702 curveto
91.12839 27.03506 lineto
90.97366 26.76682 91.17416 26.43082 91.49094 26.43082 curveto
104.2891 26.43082 lineto
 closepath stroke
 1 0.5 0.2 setrgbcolor
newpath 142.1386 63.42545 moveto
135.62164 52.13882 lineto
135.39185 51.74103 134.95766 51.51192 134.49692 51.51192 curveto
120.76286 51.51169 lineto
119.28864 51.51169 lineto
106.49025 51.51169 lineto
106.17393 51.51169 105.97366 51.17569 106.12839 50.90744 curveto
112.41074 40.02548 lineto
112.6323 39.64165 113.05183 39.42123 113.49632 39.42123 curveto
126.76323 39.42123 lineto
128.23677 39.42123 lineto
141.50322 39.42123 lineto
141.95526 39.42123 142.37595 39.65698 142.60185 40.04814 curveto
149.11835 51.33499 lineto
149.33853 51.71631 149.35112 52.18552 149.1314 52.56615 curveto
142.84927 63.4481 lineto
142.69455 63.7159 142.29996 63.70491 142.1386 63.42545 curveto closepath fill
 0 setgray
newpath 142.1386 63.42545 moveto
135.62164 52.13882 lineto
135.39185 51.74103 134.95766 51.51192 134.49692 51.51192 curveto
120.76286 51.51169 lineto
119.28864 51.51169 lineto
106.49025 51.51169 lineto
106.17393 51.51169 105.97366 51.17569 106.12839 50.90744 curveto
112.41074 40.02548 lineto
112.6323 39.64165 113.05183 39.42123 113.49632 39.42123 curveto
126.76323 39.42123 lineto
128.23677 39.42123 lineto
141.50322 39.42123 lineto
141.95526 39.42123 142.37595 39.65698 142.60185 40.04814 curveto
149.11835 51.33499 lineto
149.33853 51.71631 149.35112 52.18552 149.1314 52.56615 curveto
142.84927 63.4481 lineto
142.69455 63.7159 142.29996 63.70491 142.1386 63.42545 curveto closepath stroke
 0.3 0.3 1 setrgbcolor
newpath 140.97061 64.5021 moveto
127.47025 64.5021 lineto
127.137 64.5021 126.92848 64.86305 127.09534 65.15167 curveto
133.84552 76.84296 lineto
134.01306 77.13318 133.82423 77.49252 133.50906 77.49252 curveto
120.71045 77.49252 lineto
119.2884 77.49252 lineto
106.49002 77.49252 lineto
106.17462 77.49252 105.98007 77.14485 106.1412 76.86562 curveto
112.65816 65.57808 lineto
113.38188 64.32426 lineto
119.89815 53.03856 lineto
120.12222 52.6506 120.53581 52.41165 120.98373 52.41165 curveto
134.01627 52.41165 lineto
134.45663 52.41165 134.86908 52.63527 135.0888 53.0159 curveto
141.37161 63.89786 lineto
141.52611 64.16542 141.30638 64.5021 140.97061 64.5021 curveto closepath fill
 0 setgray
newpath 140.97061 64.5021 moveto
127.47025 64.5021 lineto
127.137 64.5021 126.92848 64.86305 127.09534 65.15167 curveto
133.84552 76.84296 lineto
134.01306 77.13318 133.82423 77.49252 133.50906 77.49252 curveto
120.71045 77.49252 lineto
119.2884 77.49252 lineto
106.49002 77.49252 lineto
106.17462 77.49252 105.98007 77.14485 106.1412 76.86562 curveto
112.65816 65.57808 lineto
113.38188 64.32426 lineto
119.89815 53.03856 lineto
120.12222 52.6506 120.53581 52.41165 120.98373 52.41165 curveto
134.01627 52.41165 lineto
134.45663 52.41165 134.86908 52.63527 135.0888 53.0159 curveto
141.37161 63.89786 lineto
141.52611 64.16542 141.30638 64.5021 140.97061 64.5021 curveto closepath stroke
 0.1 0 0.5 setrgbcolor
newpath 143.21136 13.4404 moveto
156.00975 13.4404 lineto
156.32515 13.4404 156.5197 13.78807 156.35857 14.0673 curveto
149.84207 25.35393 lineto
149.6141 25.74852 149.62692 26.23512 149.85512 26.6304 curveto
156.6053 38.32169 lineto
156.82983 38.71056 156.85501 39.18823 156.6314 39.5755 curveto
150.34882 50.45723 lineto
150.19386 50.72548 149.8027 50.71976 149.64432 50.44556 curveto
143.24547 39.36218 lineto
142.51488 38.0967 lineto
135.7647 26.40541 lineto
135.0341 25.13992 lineto
128.63525 14.05632 lineto
128.4771 13.78258 128.67485 13.4404 128.99094 13.4404 curveto
141.78932 13.4404 lineto
 closepath fill
 0 setgray
newpath 143.21136 13.4404 moveto
156.00975 13.4404 lineto
156.32515 13.4404 156.5197 13.78807 156.35857 14.0673 curveto
149.84207 25.35393 lineto
149.6141 25.74852 149.62692 26.23512 149.85512 26.6304 curveto
156.6053 38.32169 lineto
156.82983 38.71056 156.85501 39.18823 156.6314 39.5755 curveto
150.34882 50.45723 lineto
150.19386 50.72548 149.8027 50.71976 149.64432 50.44556 curveto
143.24547 39.36218 lineto
142.51488 38.0967 lineto
135.7647 26.40541 lineto
135.0341 25.13992 lineto
128.63525 14.05632 lineto
128.4771 13.78258 128.67485 13.4404 128.99094 13.4404 curveto
141.78932 13.4404 lineto
 closepath stroke
newpath 45.74982 26.43082 moveto
59.25018 26.43082 lineto
60.74982 26.43082 lineto
74.25018 26.43082 lineto
75.74982 26.43082 lineto
89.25018 26.43082 lineto
90.74982 26.43082 lineto
104.25018 26.43082 lineto
105.78896 26.43082 lineto
119.99062 26.43082 lineto
120.34103 26.43082 120.56007 26.05133 120.38475 25.7476 curveto
113.28392 13.44864 lineto
112.5341 12.1495 lineto
106.13525 1.0659 lineto
105.9771 0.79216 106.17485 0.44998 106.49094 0.44998 curveto
119.28932 0.44998 lineto
120.74982 0.44998 lineto
134.25018 0.44998 lineto
135.74982 0.44998 lineto
149.25018 0.44998 lineto
150.73677 0.44998 lineto
164.00322 0.44998 lineto
164.45938 0.44998 164.88075 0.69351 165.10872 1.08856 curveto
171.74149 12.57751 lineto
172.48512 13.86497 lineto
179.2353 25.55626 lineto
179.97894 26.8444 lineto
186.61148 38.33336 lineto
186.83945 38.72841 186.83945 39.21478 186.61148 39.60983 curveto
179.97894 51.09879 lineto
179.2353 52.38625 lineto
172.48512 64.07753 lineto
171.74149 65.36568 lineto
165.10872 76.85463 lineto
164.88075 77.24945 164.45938 77.49252 164.00322 77.49252 curveto
150.73677 77.49252 lineto
149.25018 77.49252 lineto
135.74982 77.49252 lineto
134.25018 77.49252 lineto
120.74982 77.49252 lineto
119.28864 77.49252 lineto
106.49025 77.49252 lineto
106.1744 77.49252 105.97733 77.15034 106.13525 76.8766 curveto
112.5341 65.793 lineto
113.2846 64.49387 lineto
120.38544 52.1949 lineto
120.56076 51.89117 120.34126 51.51169 119.99062 51.51169 curveto
105.78896 51.51169 lineto
104.25018 51.51169 lineto
90.74982 51.51169 lineto
89.25018 51.51169 lineto
75.74982 51.51169 lineto
74.25018 51.51169 lineto
60.74982 51.51169 lineto
59.25018 51.51169 lineto
45.74982 51.51169 lineto
44.28864 51.51169 lineto
31.49025 51.51169 lineto
31.17485 51.51169 30.9803 51.16402 31.14143 50.88478 curveto
37.65793 39.59816 lineto
37.882 39.2102 37.882 38.7323 37.65793 38.34435 curveto
31.14143 27.05772 lineto
30.9803 26.77872 31.17508 26.43082 31.49094 26.43082 curveto
44.28932 26.43082 lineto
 closepath stroke
showpage
%%EOF
