%!PS
%%BoundingBox: -1 -151 105 -44 
%%HiResBoundingBox: -0.69998 -150.56499 104.62332 -44.3029 
%%Creator: MetaPost 0.901
%%CreationDate: 2008.09.19:1140
%%Pages: 1
%%BeginProlog
%%EndProlog
%%Page: 1 1
 1 0.5 0.5 setrgbcolor
newpath 65.40207 -82.47025 moveto
65.40207 -95.97061 lineto
65.40207 -96.30638 65.73875 -96.52611 66.00632 -96.37161 curveto
76.88828 -90.0888 lineto
77.27211 -89.86725 77.49252 -89.44771 77.49252 -89.00322 curveto
77.49252 -75.73654 lineto
77.49252 -74.2884 lineto
77.49252 -61.49002 lineto
77.49252 -61.17462 77.14485 -60.98007 76.86562 -61.1412 curveto
65.57808 -67.65816 lineto
64.32426 -68.38188 lineto
53.03856 -74.89815 lineto
52.65724 -75.11833 52.41165 -75.51865 52.41165 -75.95833 curveto
52.41165 -88.52257 lineto
52.41165 -88.83156 52.77031 -89.01352 53.06122 -88.84552 curveto
64.7525 -82.09534 lineto
65.04112 -81.92848 65.40207 -82.137 65.40207 -82.47025 curveto closepath fill
 0 setgray 0 0.5 dtransform truncate idtransform setlinewidth pop [] 0 setdash
 1 setlinejoin 10 setmiterlimit
gsave newpath 65.40207 -82.47025 moveto
65.40207 -95.97061 lineto
65.40207 -96.30638 65.73875 -96.52611 66.00632 -96.37161 curveto
76.88828 -90.0888 lineto
77.27211 -89.86725 77.49252 -89.44771 77.49252 -89.00322 curveto
77.49252 -75.73654 lineto
77.49252 -74.2884 lineto
77.49252 -61.49002 lineto
77.49252 -61.17462 77.14485 -60.98007 76.86562 -61.1412 curveto
65.57808 -67.65816 lineto
64.32426 -68.38188 lineto
53.03856 -74.89815 lineto
52.65724 -75.11833 52.41165 -75.51865 52.41165 -75.95833 curveto
52.41165 -88.52257 lineto
52.41165 -88.83156 52.77031 -89.01352 53.06122 -88.84552 curveto
64.7525 -82.09534 lineto
65.04112 -81.92848 65.40207 -82.137 65.40207 -82.47025 curveto closepath
[0 -1 1 0 0 0] concat stroke grestore
 1 1 0 setrgbcolor
newpath 78.54652 -134.13185 moveto
89.42848 -127.84859 lineto
89.69627 -127.69386 89.68529 -127.29927 89.40582 -127.13791 curveto
78.11966 -120.62164 lineto
77.73148 -120.39757 77.49275 -119.98352 77.49275 -119.53537 curveto
77.49252 -106.50261 lineto
77.49252 -106.18103 77.14417 -105.97984 76.86562 -106.14075 curveto
65.579 -112.65724 lineto
64.34784 -113.36792 lineto
53.46588 -119.65096 lineto
53.19809 -119.80568 53.20908 -120.20027 53.48854 -120.36163 curveto
64.77516 -126.87813 lineto
65.16312 -127.1022 65.40207 -127.51625 65.40207 -127.96417 curveto
65.40207 -140.9967 lineto
65.40207 -141.31828 65.75043 -141.51947 66.02898 -141.35857 curveto
77.31468 -134.84253 lineto
 closepath fill
 0 setgray
gsave newpath 78.54652 -134.13185 moveto
89.42848 -127.84859 lineto
89.69627 -127.69386 89.68529 -127.29927 89.40582 -127.13791 curveto
78.11966 -120.62164 lineto
77.73148 -120.39757 77.49275 -119.98352 77.49275 -119.53537 curveto
77.49252 -106.50261 lineto
77.49252 -106.18103 77.14417 -105.97984 76.86562 -106.14075 curveto
65.579 -112.65724 lineto
64.34784 -113.36792 lineto
53.46588 -119.65096 lineto
53.19809 -119.80568 53.20908 -120.20027 53.48854 -120.36163 curveto
64.77516 -126.87813 lineto
65.16312 -127.1022 65.40207 -127.51625 65.40207 -127.96417 curveto
65.40207 -140.9967 lineto
65.40207 -141.31828 65.75043 -141.51947 66.02898 -141.35857 curveto
77.31468 -134.84253 lineto
 closepath
[0 -1 1 0 0 0] concat stroke grestore
 1 0.35 0.5 setrgbcolor
newpath 50.86212 -74.8851 moveto
39.17061 -68.13469 lineto
38.76869 -67.9026 38.52104 -67.4739 38.52104 -67.00996 curveto
38.52104 -53.50937 lineto
38.52104 -53.06053 38.30406 -52.63435 37.9168 -52.41074 curveto
27.03484 -46.12793 lineto
26.76659 -45.9732 26.43059 -46.1737 26.43059 -46.49048 curveto
26.43059 -59.2891 lineto
26.43059 -60.73654 lineto
26.43059 -74.00299 lineto
26.43059 -74.45915 26.67412 -74.88052 27.06917 -75.10849 curveto
38.55812 -81.74149 lineto
39.81216 -82.4659 lineto
50.89577 -88.86475 lineto
51.16997 -89.02313 51.51169 -88.83202 51.51169 -88.52211 curveto
51.51169 -75.95787 lineto
51.51169 -75.51064 51.25099 -75.10963 50.86212 -74.8851 curveto closepath fill
 0 setgray
gsave newpath 50.86212 -74.8851 moveto
39.17061 -68.13469 lineto
38.76869 -67.9026 38.52104 -67.4739 38.52104 -67.00996 curveto
38.52104 -53.50937 lineto
38.52104 -53.06053 38.30406 -52.63435 37.9168 -52.41074 curveto
27.03484 -46.12793 lineto
26.76659 -45.9732 26.43059 -46.1737 26.43059 -46.49048 curveto
26.43059 -59.2891 lineto
26.43059 -60.73654 lineto
26.43059 -74.00299 lineto
26.43059 -74.45915 26.67412 -74.88052 27.06917 -75.10849 curveto
38.55812 -81.74149 lineto
39.81216 -82.4659 lineto
50.89577 -88.86475 lineto
51.16997 -89.02313 51.51169 -88.83202 51.51169 -88.52211 curveto
51.51169 -75.95787 lineto
51.51169 -75.51064 51.25099 -75.10963 50.86212 -74.8851 curveto closepath
[0 -1 1 0 0 0] concat stroke grestore
 0 0 0.2 setrgbcolor
newpath 14.0673 -127.60185 moveto
25.35393 -134.11835 lineto
25.74188 -134.34242 26.21979 -134.34242 26.60774 -134.11835 curveto
37.89436 -127.60185 lineto
38.28232 -127.37778 38.52127 -126.96419 38.52127 -126.51627 curveto
38.52127 -113.48373 lineto
38.52127 -113.03581 38.28232 -112.62222 37.89436 -112.39815 curveto
26.60774 -105.88165 lineto
26.21979 -105.65758 25.74188 -105.65758 25.35393 -105.88165 curveto
14.0673 -112.39815 lineto
13.67935 -112.62222 13.4404 -113.03581 13.4404 -113.48373 curveto
13.4404 -126.51627 lineto
13.4404 -126.96419 13.67935 -127.37778 14.0673 -127.60185 curveto closepath
 fill
 0 setgray
gsave newpath 14.0673 -127.60185 moveto
25.35393 -134.11835 lineto
25.74188 -134.34242 26.21979 -134.34242 26.60774 -134.11835 curveto
37.89436 -127.60185 lineto
38.28232 -127.37778 38.52127 -126.96419 38.52127 -126.51627 curveto
38.52127 -113.48373 lineto
38.52127 -113.03581 38.28232 -112.62222 37.89436 -112.39815 curveto
26.60774 -105.88165 lineto
26.21979 -105.65758 25.74188 -105.65758 25.35393 -105.88165 curveto
14.0673 -112.39815 lineto
13.67935 -112.62222 13.4404 -113.03581 13.4404 -113.48373 curveto
13.4404 -126.51627 lineto
13.4404 -126.96419 13.67935 -127.37778 14.0673 -127.60185 curveto closepath
[0 -1 1 0 0 0] concat stroke grestore
 1 0.65 0.7 setrgbcolor
newpath 52.82524 -104.97894 moveto
64.3142 -111.61148 lineto
64.69917 -111.83372 65.1725 -111.85295 65.55634 -111.6314 curveto
76.43806 -105.34882 lineto
76.70586 -105.19409 76.69487 -104.7995 76.4154 -104.63814 curveto
65.12901 -98.12187 lineto
64.74083 -97.8978 64.5021 -97.48375 64.5021 -97.0356 curveto
64.5021 -84.00307 lineto
64.5021 -83.68149 64.15375 -83.4803 63.8752 -83.6412 curveto
52.58858 -90.15793 lineto
52.20062 -90.382 51.72272 -90.382 51.33476 -90.15793 curveto
40.04814 -83.64143 lineto
39.76868 -83.48007 39.42123 -83.66821 39.42123 -83.97789 curveto
39.42123 -96.54213 lineto
39.42123 -96.9857 39.6746 -97.38625 40.05981 -97.60872 curveto
51.54877 -104.24149 lineto
 closepath fill
 0 setgray
gsave newpath 52.82524 -104.97894 moveto
64.3142 -111.61148 lineto
64.69917 -111.83372 65.1725 -111.85295 65.55634 -111.6314 curveto
76.43806 -105.34882 lineto
76.70586 -105.19409 76.69487 -104.7995 76.4154 -104.63814 curveto
65.12901 -98.12187 lineto
64.74083 -97.8978 64.5021 -97.48375 64.5021 -97.0356 curveto
64.5021 -84.00307 lineto
64.5021 -83.68149 64.15375 -83.4803 63.8752 -83.6412 curveto
52.58858 -90.15793 lineto
52.20062 -90.382 51.72272 -90.382 51.33476 -90.15793 curveto
40.04814 -83.64143 lineto
39.76868 -83.48007 39.42123 -83.66821 39.42123 -83.97789 curveto
39.42123 -96.54213 lineto
39.42123 -96.9857 39.6746 -97.38625 40.05981 -97.60872 curveto
51.54877 -104.24149 lineto
 closepath
[0 -1 1 0 0 0] concat stroke grestore
 0.9 0.1 0 setrgbcolor
newpath 78.39226 -105.4898 moveto
78.39226 -118.99017 lineto
78.39226 -119.44656 78.62457 -119.87411 79.01917 -120.10185 curveto
90.30556 -126.61812 lineto
90.68687 -126.8383 91.15608 -126.85089 91.53671 -126.63116 curveto
102.41844 -120.34859 lineto
102.68623 -120.19386 102.67525 -119.79927 102.39578 -119.63791 curveto
91.10962 -113.12187 lineto
90.71503 -112.89413 90.48271 -112.46658 90.48271 -112.0102 curveto
90.48271 -98.5096 lineto
90.48271 -98.0532 90.2504 -97.62566 89.8558 -97.39792 curveto
78.56941 -90.88165 lineto
78.1881 -90.66147 77.71889 -90.64888 77.33826 -90.8686 curveto
66.45653 -97.15118 lineto
66.18874 -97.30591 66.19972 -97.7005 66.47919 -97.86186 curveto
77.76535 -104.37813 lineto
78.15994 -104.60587 78.39226 -105.03342 78.39226 -105.4898 curveto closepath
 fill
 0 setgray
gsave newpath 78.39226 -105.4898 moveto
78.39226 -118.99017 lineto
78.39226 -119.44656 78.62457 -119.87411 79.01917 -120.10185 curveto
90.30556 -126.61812 lineto
90.68687 -126.8383 91.15608 -126.85089 91.53671 -126.63116 curveto
102.41844 -120.34859 lineto
102.68623 -120.19386 102.67525 -119.79927 102.39578 -119.63791 curveto
91.10962 -113.12187 lineto
90.71503 -112.89413 90.48271 -112.46658 90.48271 -112.0102 curveto
90.48271 -98.5096 lineto
90.48271 -98.0532 90.2504 -97.62566 89.8558 -97.39792 curveto
78.56941 -90.88165 lineto
78.1881 -90.66147 77.71889 -90.64888 77.33826 -90.8686 curveto
66.45653 -97.15118 lineto
66.18874 -97.30591 66.19972 -97.7005 66.47919 -97.86186 curveto
77.76535 -104.37813 lineto
78.15994 -104.60587 78.39226 -105.03342 78.39226 -105.4898 curveto closepath
[0 -1 1 0 0 0] concat stroke grestore
 0 0.5 0 setrgbcolor
newpath 63.89786 -127.4112 moveto
53.0159 -121.12816 lineto
52.74834 -120.97366 52.41165 -121.19339 52.41165 -121.52916 curveto
52.41188 -135.02975 lineto
52.41188 -135.36232 52.03949 -135.56465 51.73965 -135.39162 curveto
39.64279 -128.40775 lineto
39.24637 -128.17886 38.76045 -128.1411 38.36632 -128.3686 curveto
27.48459 -134.65118 lineto
27.21062 -134.80934 27.30125 -135.2433 27.659 -135.44975 curveto
41.67618 -143.54187 lineto
42.93 -144.26628 lineto
51.48651 -149.20555 lineto
51.82663 -149.40193 52.24365 -149.31747 52.58858 -149.11835 curveto
63.8752 -142.60185 lineto
64.26315 -142.37778 64.5021 -141.96419 64.5021 -141.51627 curveto
64.5021 -128.48373 lineto
64.5021 -128.04337 64.27849 -127.63092 63.89786 -127.4112 curveto closepath
 fill
 0 setgray
gsave newpath 63.89786 -127.4112 moveto
53.0159 -121.12816 lineto
52.74834 -120.97366 52.41165 -121.19339 52.41165 -121.52916 curveto
52.41188 -135.02975 lineto
52.41188 -135.36232 52.03949 -135.56465 51.73965 -135.39162 curveto
39.64279 -128.40775 lineto
39.24637 -128.17886 38.76045 -128.1411 38.36632 -128.3686 curveto
27.48459 -134.65118 lineto
27.21062 -134.80934 27.30125 -135.2433 27.659 -135.44975 curveto
41.67618 -143.54187 lineto
42.93 -144.26628 lineto
51.48651 -149.20555 lineto
51.82663 -149.40193 52.24365 -149.31747 52.58858 -149.11835 curveto
63.8752 -142.60185 lineto
64.26315 -142.37778 64.5021 -141.96419 64.5021 -141.51627 curveto
64.5021 -128.48373 lineto
64.5021 -128.04337 64.27849 -127.63092 63.89786 -127.4112 curveto closepath
[0 -1 1 0 0 0] concat stroke grestore
 0.3 1 0.3 setrgbcolor
newpath 50.10223 -104.44542 moveto
39.55673 -98.35762 lineto
39.18892 -98.14522 38.73528 -98.15552 38.36678 -98.36838 curveto
27.48505 -104.65096 lineto
27.21725 -104.80568 27.22824 -105.20027 27.5077 -105.36163 curveto
38.79433 -111.87813 lineto
39.18892 -112.10587 39.42123 -112.53342 39.42123 -112.9898 curveto
39.42078 -126.49109 lineto
39.42078 -126.93993 39.63776 -127.3661 40.02502 -127.58972 curveto
50.90698 -133.87184 lineto
51.17477 -134.02657 51.51123 -133.81943 51.51123 -133.49625 curveto
51.51192 -120.46371 lineto
51.51192 -120.0158 51.75087 -119.6022 52.13882 -119.37813 curveto
63.42499 -112.86186 lineto
63.70285 -112.70142 63.68271 -112.28668 63.38379 -112.1141 curveto
51.35605 -105.16983 lineto
 closepath fill
 0 setgray
gsave newpath 50.10223 -104.44542 moveto
39.55673 -98.35762 lineto
39.18892 -98.14522 38.73528 -98.15552 38.36678 -98.36838 curveto
27.48505 -104.65096 lineto
27.21725 -104.80568 27.22824 -105.20027 27.5077 -105.36163 curveto
38.79433 -111.87813 lineto
39.18892 -112.10587 39.42123 -112.53342 39.42123 -112.9898 curveto
39.42078 -126.49109 lineto
39.42078 -126.93993 39.63776 -127.3661 40.02502 -127.58972 curveto
50.90698 -133.87184 lineto
51.17477 -134.02657 51.51123 -133.81943 51.51123 -133.49625 curveto
51.51192 -120.46371 lineto
51.51192 -120.0158 51.75087 -119.6022 52.13882 -119.37813 curveto
63.42499 -112.86186 lineto
63.70285 -112.70142 63.68271 -112.28668 63.38379 -112.1141 curveto
51.35605 -105.16983 lineto
 closepath
[0 -1 1 0 0 0] concat stroke grestore
 0.45 0.2 0.1 setrgbcolor
newpath 0.44998 -90.74959 moveto
0.44998 -104.24995 lineto
0.44998 -105.73654 lineto
0.44998 -119.00276 lineto
0.44998 -119.44725 0.6704 -119.86679 1.05423 -120.08835 curveto
11.93619 -126.37115 lineto
12.20444 -126.52588 12.54044 -126.32538 12.54044 -126.0086 curveto
12.54044 -113.21045 lineto
12.54044 -111.74995 lineto
12.54044 -98.24959 lineto
12.54044 -96.763 lineto
12.54044 -83.49678 lineto
12.54044 -83.05229 12.32002 -82.63275 11.93619 -82.4112 curveto
1.05423 -76.12839 lineto
0.78598 -75.97366 0.44998 -76.17416 0.44998 -76.49094 curveto
0.44998 -89.2891 lineto
 closepath fill
 0 setgray
gsave newpath 0.44998 -90.74959 moveto
0.44998 -104.24995 lineto
0.44998 -105.73654 lineto
0.44998 -119.00276 lineto
0.44998 -119.44725 0.6704 -119.86679 1.05423 -120.08835 curveto
11.93619 -126.37115 lineto
12.20444 -126.52588 12.54044 -126.32538 12.54044 -126.0086 curveto
12.54044 -113.21045 lineto
12.54044 -111.74995 lineto
12.54044 -98.24959 lineto
12.54044 -96.763 lineto
12.54044 -83.49678 lineto
12.54044 -83.05229 12.32002 -82.63275 11.93619 -82.4112 curveto
1.05423 -76.12839 lineto
0.78598 -75.97366 0.44998 -76.17416 0.44998 -76.49094 curveto
0.44998 -89.2891 lineto
 closepath
[0 -1 1 0 0 0] concat stroke grestore
 1 0.5 0.2 setrgbcolor
newpath 52.61124 -74.1053 moveto
64.30046 -67.35626 lineto
65.57693 -66.61949 lineto
76.86562 -60.10162 lineto
77.24693 -59.88144 77.49252 -59.48112 77.49252 -59.04144 curveto
77.49252 -46.4772 lineto
77.49252 -46.16776 77.14531 -45.97984 76.86562 -46.1412 curveto
65.57693 -52.65884 lineto
64.30046 -53.39561 lineto
52.61124 -60.14488 lineto
52.21596 -60.37308 51.72935 -60.3859 51.33476 -60.15793 curveto
40.04814 -53.64143 lineto
39.76868 -53.48007 39.42123 -53.66821 39.42123 -53.97789 curveto
39.42123 -66.54213 lineto
39.42123 -66.98158 39.66682 -67.38167 40.04814 -67.60185 curveto
51.33476 -74.11835 lineto
51.72935 -74.34631 52.21596 -74.3335 52.61124 -74.1053 curveto closepath fill
 0 setgray
gsave newpath 52.61124 -74.1053 moveto
64.30046 -67.35626 lineto
65.57693 -66.61949 lineto
76.86562 -60.10162 lineto
77.24693 -59.88144 77.49252 -59.48112 77.49252 -59.04144 curveto
77.49252 -46.4772 lineto
77.49252 -46.16776 77.14531 -45.97984 76.86562 -46.1412 curveto
65.57693 -52.65884 lineto
64.30046 -53.39561 lineto
52.61124 -60.14488 lineto
52.21596 -60.37308 51.72935 -60.3859 51.33476 -60.15793 curveto
40.04814 -53.64143 lineto
39.76868 -53.48007 39.42123 -53.66821 39.42123 -53.97789 curveto
39.42123 -66.54213 lineto
39.42123 -66.98158 39.66682 -67.38167 40.04814 -67.60185 curveto
51.33476 -74.11835 lineto
51.72935 -74.34631 52.21596 -74.3335 52.61124 -74.1053 curveto closepath
[0 -1 1 0 0 0] concat stroke grestore
 0.3 0.3 1 setrgbcolor
newpath 26.43082 -76.52939 moveto
26.43082 -90.02975 lineto
26.43082 -90.363 26.06987 -90.57152 25.78125 -90.40466 curveto
14.08951 -83.65448 lineto
13.79929 -83.48694 13.43994 -83.67577 13.43994 -83.99094 curveto
13.43994 -96.79001 lineto
13.43994 -98.21205 lineto
13.43994 -111.01044 lineto
13.43994 -111.32584 13.78761 -111.52039 14.06685 -111.35925 curveto
25.35484 -104.84184 lineto
26.60866 -104.11812 lineto
37.89436 -97.60185 lineto
38.28232 -97.37778 38.52127 -96.96419 38.52127 -96.51627 curveto
38.52127 -83.48373 lineto
38.52127 -83.04337 38.29765 -82.63092 37.91702 -82.4112 curveto
27.03506 -76.12839 lineto
26.7675 -75.97389 26.43082 -76.19362 26.43082 -76.52939 curveto closepath fill
 0 setgray
gsave newpath 26.43082 -76.52939 moveto
26.43082 -90.02975 lineto
26.43082 -90.363 26.06987 -90.57152 25.78125 -90.40466 curveto
14.08951 -83.65448 lineto
13.79929 -83.48694 13.43994 -83.67577 13.43994 -83.99094 curveto
13.43994 -96.79001 lineto
13.43994 -98.21205 lineto
13.43994 -111.01044 lineto
13.43994 -111.32584 13.78761 -111.52039 14.06685 -111.35925 curveto
25.35484 -104.84184 lineto
26.60866 -104.11812 lineto
37.89436 -97.60185 lineto
38.28232 -97.37778 38.52127 -96.96419 38.52127 -96.51627 curveto
38.52127 -83.48373 lineto
38.52127 -83.04337 38.29765 -82.63092 37.91702 -82.4112 curveto
27.03506 -76.12839 lineto
26.7675 -75.97389 26.43082 -76.19362 26.43082 -76.52939 curveto closepath
[0 -1 1 0 0 0] concat stroke grestore
 0.1 0 0.5 setrgbcolor
newpath 89.29459 -83.96599 moveto
79.39224 -89.683 lineto
79.14825 -89.82399 79.18625 -90.19913 79.46915 -90.36255 curveto
90.75577 -96.87859 lineto
91.15036 -97.10632 91.38268 -97.53387 91.38268 -97.99026 curveto
91.38313 -111.49086 lineto
91.38313 -111.9397 91.60034 -112.36588 91.98761 -112.5895 curveto
102.86957 -118.87276 lineto
103.13782 -119.02748 103.47382 -118.82698 103.47382 -118.51021 curveto
103.47382 -105.71068 lineto
103.47382 -104.25018 lineto
103.47336 -90.74982 lineto
103.47336 -89.28864 lineto
103.47336 -76.49025 lineto
103.47336 -76.17554 103.09822 -75.9961 102.79198 -76.17302 curveto
90.52574 -83.25462 lineto
 closepath fill
 0 setgray
gsave newpath 89.29459 -83.96599 moveto
79.39224 -89.683 lineto
79.14825 -89.82399 79.18625 -90.19913 79.46915 -90.36255 curveto
90.75577 -96.87859 lineto
91.15036 -97.10632 91.38268 -97.53387 91.38268 -97.99026 curveto
91.38313 -111.49086 lineto
91.38313 -111.9397 91.60034 -112.36588 91.98761 -112.5895 curveto
102.86957 -118.87276 lineto
103.13782 -119.02748 103.47382 -118.82698 103.47382 -118.51021 curveto
103.47382 -105.71068 lineto
103.47382 -104.25018 lineto
103.47336 -90.74982 lineto
103.47336 -89.28864 lineto
103.47336 -76.49025 lineto
103.47336 -76.17554 103.09822 -75.9961 102.79198 -76.17302 curveto
90.52574 -83.25462 lineto
 closepath
[0 -1 1 0 0 0] concat stroke grestore
gsave newpath 39.83482 -52.47894 moveto
51.32378 -59.11148 lineto
51.71883 -59.33945 52.2052 -59.33945 52.60025 -59.11148 curveto
64.0892 -52.47894 lineto
65.41031 -51.7154 lineto
77.70927 -44.61456 lineto
78.013 -44.43924 78.39249 -44.65874 78.39249 -45.00938 curveto
78.39249 -59.21104 lineto
78.39249 -60.74982 lineto
78.39249 -74.25018 lineto
78.39249 -75.71136 lineto
78.39249 -88.50975 lineto
78.39249 -88.8256 78.73466 -89.02267 79.0084 -88.86475 curveto
90.09201 -82.4659 lineto
91.39114 -81.7154 lineto
103.69011 -74.61456 lineto
103.99384 -74.43924 104.37332 -74.65874 104.37332 -75.00938 curveto
104.37332 -89.21104 lineto
104.37332 -90.74982 lineto
104.37332 -104.25018 lineto
104.37332 -105.76286 lineto
104.37332 -119.49715 lineto
104.37332 -119.96933 104.12178 -120.4058 103.71277 -120.64178 curveto
91.81847 -127.50824 lineto
90.50835 -128.2647 lineto
78.81706 -135.01488 lineto
77.51793 -135.7647 lineto
65.82664 -142.51488 lineto
64.51653 -143.27156 lineto
52.62222 -150.13802 lineto
52.21344 -150.374 51.7099 -150.374 51.30112 -150.13802 curveto
39.40681 -143.27156 lineto
38.0967 -142.51488 lineto
26.40541 -135.7647 lineto
25.10628 -135.01488 lineto
13.415 -128.2647 lineto
12.10487 -127.50801 lineto
0.21057 -120.64156 lineto
-0.19821 -120.40558 -0.44998 -119.96933 -0.44998 -119.49715 curveto
-0.44998 -105.76286 lineto
-0.44998 -104.25018 lineto
-0.44998 -90.74982 lineto
-0.44998 -89.21104 lineto
-0.44998 -75.00938 lineto
-0.44998 -74.65897 -0.0705 -74.43993 0.23323 -74.61525 curveto
12.5322 -81.71608 lineto
13.83133 -82.4659 lineto
24.91493 -88.86475 lineto
25.18867 -89.0229 25.53085 -88.82515 25.53085 -88.50906 curveto
25.53085 -75.71068 lineto
25.53085 -74.25018 lineto
25.53085 -60.74982 lineto
25.53085 -59.21104 lineto
25.53085 -45.00938 lineto
25.53085 -44.65897 25.91034 -44.43993 26.21407 -44.61525 curveto
38.51303 -51.71608 lineto
 closepath
[0 -1 1 0 0 0] concat stroke grestore
showpage
%%EOF
