%!PS
%%BoundingBox: -1 -1 226 226 
%%HiResBoundingBox: -0.69998 -0.69998 225.69998 225.69998 
%%Creator: MetaPost 0.901
%%CreationDate: 2008.09.19:1140
%%Pages: 1
%%BeginProlog
%%EndProlog
%%Page: 1 1
 1 1 0 setrgbcolor
newpath 29.55002 121.17783 moveto
29.55002 134.27284 lineto
29.55002 135.74982 lineto
29.55002 149.25018 lineto
29.55002 150.74982 lineto
29.55002 164.25018 lineto
29.55002 165.72784 lineto
29.55002 178.82286 lineto
29.55002 179.22066 29.23828 179.55002 28.84483 179.55002 curveto
16.15517 179.55002 lineto
15.75737 179.55002 15.44998 179.20647 15.44998 178.8002 curveto
15.44998 165.29984 lineto
15.44998 164.88579 15.11421 164.55002 14.70016 164.55002 curveto
1.1998 164.55002 lineto
0.79353 164.55002 0.44998 164.24263 0.44998 163.84483 curveto
0.44998 151.15517 lineto
0.44998 150.75737 0.79353 150.44998 1.1998 150.44998 curveto
14.70016 150.44998 lineto
15.11856 150.44998 15.44998 150.10002 15.44998 149.6775 curveto
15.44998 135.77248 lineto
15.44998 134.27216 lineto
15.44998 121.17714 lineto
15.44998 120.77934 15.76172 120.44998 16.15517 120.44998 curveto
28.84483 120.44998 lineto
29.23851 120.44998 29.55002 120.7798 29.55002 121.17783 curveto closepath fill
 0 setgray 0 0.5 dtransform truncate idtransform setlinewidth pop [] 0 setdash
 1 setlinejoin 10 setmiterlimit
newpath 29.55002 121.17783 moveto
29.55002 134.27284 lineto
29.55002 135.74982 lineto
29.55002 149.25018 lineto
29.55002 150.74982 lineto
29.55002 164.25018 lineto
29.55002 165.72784 lineto
29.55002 178.82286 lineto
29.55002 179.22066 29.23828 179.55002 28.84483 179.55002 curveto
16.15517 179.55002 lineto
15.75737 179.55002 15.44998 179.20647 15.44998 178.8002 curveto
15.44998 165.29984 lineto
15.44998 164.88579 15.11421 164.55002 14.70016 164.55002 curveto
1.1998 164.55002 lineto
0.79353 164.55002 0.44998 164.24263 0.44998 163.84483 curveto
0.44998 151.15517 lineto
0.44998 150.75737 0.79353 150.44998 1.1998 150.44998 curveto
14.70016 150.44998 lineto
15.11856 150.44998 15.44998 150.10002 15.44998 149.6775 curveto
15.44998 135.77248 lineto
15.44998 134.27216 lineto
15.44998 121.17714 lineto
15.44998 120.77934 15.76172 120.44998 16.15517 120.44998 curveto
28.84483 120.44998 lineto
29.23851 120.44998 29.55002 120.7798 29.55002 121.17783 curveto closepath
 stroke
 0 0 0.9 setrgbcolor
newpath 44.55002 151.17783 moveto
44.55002 164.27284 lineto
44.55002 165.74982 lineto
44.55002 179.25018 lineto
44.55002 180.74982 lineto
44.55002 194.25018 lineto
44.55002 195.72784 lineto
44.55002 208.82286 lineto
44.55002 209.22066 44.23828 209.55002 43.84483 209.55002 curveto
31.15517 209.55002 lineto
30.75737 209.55002 30.44998 209.20647 30.44998 208.8002 curveto
30.44998 195.29984 lineto
30.44998 194.88579 30.11421 194.55002 29.70016 194.55002 curveto
16.1998 194.55002 lineto
15.79353 194.55002 15.44998 194.24263 15.44998 193.84483 curveto
15.44998 181.15517 lineto
15.44998 180.75737 15.79353 180.44998 16.1998 180.44998 curveto
29.70016 180.44998 lineto
30.11856 180.44998 30.44998 180.10002 30.44998 179.6775 curveto
30.44998 165.77248 lineto
30.44998 164.27216 lineto
30.44998 151.17714 lineto
30.44998 150.77934 30.76172 150.44998 31.15517 150.44998 curveto
43.84483 150.44998 lineto
44.23851 150.44998 44.55002 150.7798 44.55002 151.17783 curveto closepath fill
 0 setgray
newpath 44.55002 151.17783 moveto
44.55002 164.27284 lineto
44.55002 165.74982 lineto
44.55002 179.25018 lineto
44.55002 180.74982 lineto
44.55002 194.25018 lineto
44.55002 195.72784 lineto
44.55002 208.82286 lineto
44.55002 209.22066 44.23828 209.55002 43.84483 209.55002 curveto
31.15517 209.55002 lineto
30.75737 209.55002 30.44998 209.20647 30.44998 208.8002 curveto
30.44998 195.29984 lineto
30.44998 194.88579 30.11421 194.55002 29.70016 194.55002 curveto
16.1998 194.55002 lineto
15.79353 194.55002 15.44998 194.24263 15.44998 193.84483 curveto
15.44998 181.15517 lineto
15.44998 180.75737 15.79353 180.44998 16.1998 180.44998 curveto
29.70016 180.44998 lineto
30.11856 180.44998 30.44998 180.10002 30.44998 179.6775 curveto
30.44998 165.77248 lineto
30.44998 164.27216 lineto
30.44998 151.17714 lineto
30.44998 150.77934 30.76172 150.44998 31.15517 150.44998 curveto
43.84483 150.44998 lineto
44.23851 150.44998 44.55002 150.7798 44.55002 151.17783 curveto closepath
 stroke
 0 0.9 0 setrgbcolor
newpath 134.55002 136.17783 moveto
134.55002 149.27284 lineto
134.55002 150.74982 lineto
134.55002 164.25018 lineto
134.55002 165.74982 lineto
134.55002 179.25018 lineto
134.55002 180.72784 lineto
134.55002 193.82286 lineto
134.55002 194.22066 134.23828 194.55002 133.84483 194.55002 curveto
121.15517 194.55002 lineto
120.75737 194.55002 120.44998 194.20647 120.44998 193.8002 curveto
120.44998 180.29984 lineto
120.44998 179.88579 120.11421 179.55002 119.70016 179.55002 curveto
106.1998 179.55002 lineto
105.79353 179.55002 105.44998 179.24263 105.44998 178.84483 curveto
105.44998 166.15517 lineto
105.44998 165.75737 105.79353 165.44998 106.1998 165.44998 curveto
119.70016 165.44998 lineto
120.11856 165.44998 120.44998 165.10002 120.44998 164.6775 curveto
120.44998 150.77248 lineto
120.44998 149.27216 lineto
120.44998 136.17714 lineto
120.44998 135.77934 120.76172 135.44998 121.15517 135.44998 curveto
133.84483 135.44998 lineto
134.23851 135.44998 134.55002 135.7798 134.55002 136.17783 curveto closepath
 fill
 0 setgray
newpath 134.55002 136.17783 moveto
134.55002 149.27284 lineto
134.55002 150.74982 lineto
134.55002 164.25018 lineto
134.55002 165.74982 lineto
134.55002 179.25018 lineto
134.55002 180.72784 lineto
134.55002 193.82286 lineto
134.55002 194.22066 134.23828 194.55002 133.84483 194.55002 curveto
121.15517 194.55002 lineto
120.75737 194.55002 120.44998 194.20647 120.44998 193.8002 curveto
120.44998 180.29984 lineto
120.44998 179.88579 120.11421 179.55002 119.70016 179.55002 curveto
106.1998 179.55002 lineto
105.79353 179.55002 105.44998 179.24263 105.44998 178.84483 curveto
105.44998 166.15517 lineto
105.44998 165.75737 105.79353 165.44998 106.1998 165.44998 curveto
119.70016 165.44998 lineto
120.11856 165.44998 120.44998 165.10002 120.44998 164.6775 curveto
120.44998 150.77248 lineto
120.44998 149.27216 lineto
120.44998 136.17714 lineto
120.44998 135.77934 120.76172 135.44998 121.15517 135.44998 curveto
133.84483 135.44998 lineto
134.23851 135.44998 134.55002 135.7798 134.55002 136.17783 curveto closepath
 stroke
 0 0 0.9 setrgbcolor
newpath 149.55002 61.17783 moveto
149.55002 74.27284 lineto
149.55002 75.74982 lineto
149.55002 89.25018 lineto
149.55002 90.74982 lineto
149.55002 104.25018 lineto
149.55002 105.72784 lineto
149.55002 118.82286 lineto
149.55002 119.22066 149.23828 119.55002 148.84483 119.55002 curveto
136.15517 119.55002 lineto
135.75737 119.55002 135.44998 119.20647 135.44998 118.8002 curveto
135.44998 105.29984 lineto
135.44998 104.88579 135.11421 104.55002 134.70016 104.55002 curveto
121.1998 104.55002 lineto
120.79353 104.55002 120.44998 104.24263 120.44998 103.84483 curveto
120.44998 91.15517 lineto
120.44998 90.75737 120.79353 90.44998 121.1998 90.44998 curveto
134.70016 90.44998 lineto
135.11856 90.44998 135.44998 90.10002 135.44998 89.6775 curveto
135.44998 75.77248 lineto
135.44998 74.27216 lineto
135.44998 61.17714 lineto
135.44998 60.77934 135.76172 60.44998 136.15517 60.44998 curveto
148.84483 60.44998 lineto
149.23851 60.44998 149.55002 60.7798 149.55002 61.17783 curveto closepath fill
 0 setgray
newpath 149.55002 61.17783 moveto
149.55002 74.27284 lineto
149.55002 75.74982 lineto
149.55002 89.25018 lineto
149.55002 90.74982 lineto
149.55002 104.25018 lineto
149.55002 105.72784 lineto
149.55002 118.82286 lineto
149.55002 119.22066 149.23828 119.55002 148.84483 119.55002 curveto
136.15517 119.55002 lineto
135.75737 119.55002 135.44998 119.20647 135.44998 118.8002 curveto
135.44998 105.29984 lineto
135.44998 104.88579 135.11421 104.55002 134.70016 104.55002 curveto
121.1998 104.55002 lineto
120.79353 104.55002 120.44998 104.24263 120.44998 103.84483 curveto
120.44998 91.15517 lineto
120.44998 90.75737 120.79353 90.44998 121.1998 90.44998 curveto
134.70016 90.44998 lineto
135.11856 90.44998 135.44998 90.10002 135.44998 89.6775 curveto
135.44998 75.77248 lineto
135.44998 74.27216 lineto
135.44998 61.17714 lineto
135.44998 60.77934 135.76172 60.44998 136.15517 60.44998 curveto
148.84483 60.44998 lineto
149.23851 60.44998 149.55002 60.7798 149.55002 61.17783 curveto closepath
 stroke
 0 0 0.9 setrgbcolor
newpath 118.82217 149.55002 moveto
105.72716 149.55002 lineto
104.25018 149.55002 lineto
90.74982 149.55002 lineto
89.25018 149.55002 lineto
75.74982 149.55002 lineto
74.27216 149.55002 lineto
61.17714 149.55002 lineto
60.77934 149.55002 60.44998 149.23828 60.44998 148.84483 curveto
60.44998 136.15517 lineto
60.44998 135.75737 60.79353 135.44998 61.1998 135.44998 curveto
74.70016 135.44998 lineto
75.11421 135.44998 75.44998 135.11421 75.44998 134.70016 curveto
75.44998 121.1998 lineto
75.44998 120.79353 75.75737 120.44998 76.15517 120.44998 curveto
88.84483 120.44998 lineto
89.24263 120.44998 89.55002 120.79353 89.55002 121.1998 curveto
89.55002 134.70016 lineto
89.55002 135.11856 89.89998 135.44998 90.3225 135.44998 curveto
104.22752 135.44998 lineto
105.72784 135.44998 lineto
118.82286 135.44998 lineto
119.22066 135.44998 119.55002 135.76172 119.55002 136.15517 curveto
119.55002 148.84483 lineto
119.55002 149.23851 119.2202 149.55002 118.82217 149.55002 curveto closepath
 fill
 0 setgray
newpath 118.82217 149.55002 moveto
105.72716 149.55002 lineto
104.25018 149.55002 lineto
90.74982 149.55002 lineto
89.25018 149.55002 lineto
75.74982 149.55002 lineto
74.27216 149.55002 lineto
61.17714 149.55002 lineto
60.77934 149.55002 60.44998 149.23828 60.44998 148.84483 curveto
60.44998 136.15517 lineto
60.44998 135.75737 60.79353 135.44998 61.1998 135.44998 curveto
74.70016 135.44998 lineto
75.11421 135.44998 75.44998 135.11421 75.44998 134.70016 curveto
75.44998 121.1998 lineto
75.44998 120.79353 75.75737 120.44998 76.15517 120.44998 curveto
88.84483 120.44998 lineto
89.24263 120.44998 89.55002 120.79353 89.55002 121.1998 curveto
89.55002 134.70016 lineto
89.55002 135.11856 89.89998 135.44998 90.3225 135.44998 curveto
104.22752 135.44998 lineto
105.72784 135.44998 lineto
118.82286 135.44998 lineto
119.22066 135.44998 119.55002 135.76172 119.55002 136.15517 curveto
119.55002 148.84483 lineto
119.55002 149.23851 119.2202 149.55002 118.82217 149.55002 curveto closepath
 stroke
 0 0 0.9 setrgbcolor
newpath 103.82217 104.55002 moveto
90.72716 104.55002 lineto
89.25018 104.55002 lineto
75.74982 104.55002 lineto
74.25018 104.55002 lineto
60.74982 104.55002 lineto
59.27216 104.55002 lineto
46.17714 104.55002 lineto
45.77934 104.55002 45.44998 104.23828 45.44998 103.84483 curveto
45.44998 91.15517 lineto
45.44998 90.75737 45.79353 90.44998 46.1998 90.44998 curveto
59.70016 90.44998 lineto
60.11421 90.44998 60.44998 90.11421 60.44998 89.70016 curveto
60.44998 76.1998 lineto
60.44998 75.79353 60.75737 75.44998 61.15517 75.44998 curveto
73.84483 75.44998 lineto
74.24263 75.44998 74.55002 75.79353 74.55002 76.1998 curveto
74.55002 89.70016 lineto
74.55002 90.11856 74.89998 90.44998 75.3225 90.44998 curveto
89.22752 90.44998 lineto
90.72784 90.44998 lineto
103.82286 90.44998 lineto
104.22066 90.44998 104.55002 90.76172 104.55002 91.15517 curveto
104.55002 103.84483 lineto
104.55002 104.23851 104.2202 104.55002 103.82217 104.55002 curveto closepath
 fill
 0 setgray
newpath 103.82217 104.55002 moveto
90.72716 104.55002 lineto
89.25018 104.55002 lineto
75.74982 104.55002 lineto
74.25018 104.55002 lineto
60.74982 104.55002 lineto
59.27216 104.55002 lineto
46.17714 104.55002 lineto
45.77934 104.55002 45.44998 104.23828 45.44998 103.84483 curveto
45.44998 91.15517 lineto
45.44998 90.75737 45.79353 90.44998 46.1998 90.44998 curveto
59.70016 90.44998 lineto
60.11421 90.44998 60.44998 90.11421 60.44998 89.70016 curveto
60.44998 76.1998 lineto
60.44998 75.79353 60.75737 75.44998 61.15517 75.44998 curveto
73.84483 75.44998 lineto
74.24263 75.44998 74.55002 75.79353 74.55002 76.1998 curveto
74.55002 89.70016 lineto
74.55002 90.11856 74.89998 90.44998 75.3225 90.44998 curveto
89.22752 90.44998 lineto
90.72784 90.44998 lineto
103.82286 90.44998 lineto
104.22066 90.44998 104.55002 90.76172 104.55002 91.15517 curveto
104.55002 103.84483 lineto
104.55002 104.23851 104.2202 104.55002 103.82217 104.55002 curveto closepath
 stroke
 0 0 0.9 setrgbcolor
newpath 0.44998 148.82217 moveto
0.44998 135.72716 lineto
0.44998 134.25018 lineto
0.44998 120.74982 lineto
0.44998 119.25018 lineto
0.44998 105.74982 lineto
0.44998 104.27216 lineto
0.44998 91.17714 lineto
0.44998 90.77934 0.76172 90.44998 1.15517 90.44998 curveto
13.84483 90.44998 lineto
14.24263 90.44998 14.55002 90.79353 14.55002 91.1998 curveto
14.55002 104.70016 lineto
14.55002 105.11421 14.88579 105.44998 15.29984 105.44998 curveto
28.8002 105.44998 lineto
29.20647 105.44998 29.55002 105.75737 29.55002 106.15517 curveto
29.55002 118.84483 lineto
29.55002 119.24263 29.20647 119.55002 28.8002 119.55002 curveto
15.29984 119.55002 lineto
14.88144 119.55002 14.55002 119.89998 14.55002 120.3225 curveto
14.55002 134.22752 lineto
14.55002 135.72784 lineto
14.55002 148.82286 lineto
14.55002 149.22066 14.23828 149.55002 13.84483 149.55002 curveto
1.15517 149.55002 lineto
0.76149 149.55002 0.44998 149.2202 0.44998 148.82217 curveto closepath fill
 0 setgray
newpath 0.44998 148.82217 moveto
0.44998 135.72716 lineto
0.44998 134.25018 lineto
0.44998 120.74982 lineto
0.44998 119.25018 lineto
0.44998 105.74982 lineto
0.44998 104.27216 lineto
0.44998 91.17714 lineto
0.44998 90.77934 0.76172 90.44998 1.15517 90.44998 curveto
13.84483 90.44998 lineto
14.24263 90.44998 14.55002 90.79353 14.55002 91.1998 curveto
14.55002 104.70016 lineto
14.55002 105.11421 14.88579 105.44998 15.29984 105.44998 curveto
28.8002 105.44998 lineto
29.20647 105.44998 29.55002 105.75737 29.55002 106.15517 curveto
29.55002 118.84483 lineto
29.55002 119.24263 29.20647 119.55002 28.8002 119.55002 curveto
15.29984 119.55002 lineto
14.88144 119.55002 14.55002 119.89998 14.55002 120.3225 curveto
14.55002 134.22752 lineto
14.55002 135.72784 lineto
14.55002 148.82286 lineto
14.55002 149.22066 14.23828 149.55002 13.84483 149.55002 curveto
1.15517 149.55002 lineto
0.76149 149.55002 0.44998 149.2202 0.44998 148.82217 curveto closepath stroke
 0 0 0.9 setrgbcolor
newpath 90.44998 73.82217 moveto
90.44998 60.72716 lineto
90.44998 59.25018 lineto
90.44998 45.74982 lineto
90.44998 44.25018 lineto
90.44998 30.74982 lineto
90.44998 29.27216 lineto
90.44998 16.17714 lineto
90.44998 15.77934 90.76172 15.44998 91.15517 15.44998 curveto
103.84483 15.44998 lineto
104.24263 15.44998 104.55002 15.79353 104.55002 16.1998 curveto
104.55002 29.70016 lineto
104.55002 30.11421 104.88579 30.44998 105.29984 30.44998 curveto
118.8002 30.44998 lineto
119.20647 30.44998 119.55002 30.75737 119.55002 31.15517 curveto
119.55002 43.84483 lineto
119.55002 44.24263 119.20647 44.55002 118.8002 44.55002 curveto
105.29984 44.55002 lineto
104.88144 44.55002 104.55002 44.89998 104.55002 45.3225 curveto
104.55002 59.22752 lineto
104.55002 60.72784 lineto
104.55002 73.82286 lineto
104.55002 74.22066 104.23828 74.55002 103.84483 74.55002 curveto
91.15517 74.55002 lineto
90.76149 74.55002 90.44998 74.2202 90.44998 73.82217 curveto closepath fill
 0 setgray
newpath 90.44998 73.82217 moveto
90.44998 60.72716 lineto
90.44998 59.25018 lineto
90.44998 45.74982 lineto
90.44998 44.25018 lineto
90.44998 30.74982 lineto
90.44998 29.27216 lineto
90.44998 16.17714 lineto
90.44998 15.77934 90.76172 15.44998 91.15517 15.44998 curveto
103.84483 15.44998 lineto
104.24263 15.44998 104.55002 15.79353 104.55002 16.1998 curveto
104.55002 29.70016 lineto
104.55002 30.11421 104.88579 30.44998 105.29984 30.44998 curveto
118.8002 30.44998 lineto
119.20647 30.44998 119.55002 30.75737 119.55002 31.15517 curveto
119.55002 43.84483 lineto
119.55002 44.24263 119.20647 44.55002 118.8002 44.55002 curveto
105.29984 44.55002 lineto
104.88144 44.55002 104.55002 44.89998 104.55002 45.3225 curveto
104.55002 59.22752 lineto
104.55002 60.72784 lineto
104.55002 73.82286 lineto
104.55002 74.22066 104.23828 74.55002 103.84483 74.55002 curveto
91.15517 74.55002 lineto
90.76149 74.55002 90.44998 74.2202 90.44998 73.82217 curveto closepath stroke
 0 0.9 0 setrgbcolor
newpath 76.17783 0.44998 moveto
89.27284 0.44998 lineto
90.74982 0.44998 lineto
104.25018 0.44998 lineto
105.74982 0.44998 lineto
119.25018 0.44998 lineto
120.72784 0.44998 lineto
133.82286 0.44998 lineto
134.22066 0.44998 134.55002 0.76172 134.55002 1.15517 curveto
134.55002 13.84483 lineto
134.55002 14.24263 134.20647 14.55002 133.8002 14.55002 curveto
120.29984 14.55002 lineto
119.88579 14.55002 119.55002 14.88579 119.55002 15.29984 curveto
119.55002 28.8002 lineto
119.55002 29.20647 119.24263 29.55002 118.84483 29.55002 curveto
106.15517 29.55002 lineto
105.75737 29.55002 105.44998 29.20647 105.44998 28.8002 curveto
105.44998 15.29984 lineto
105.44998 14.88144 105.10002 14.55002 104.6775 14.55002 curveto
90.77248 14.55002 lineto
89.27216 14.55002 lineto
76.17714 14.55002 lineto
75.77934 14.55002 75.44998 14.23828 75.44998 13.84483 curveto
75.44998 1.15517 lineto
75.44998 0.76149 75.7798 0.44998 76.17783 0.44998 curveto closepath fill
 0 setgray
newpath 76.17783 0.44998 moveto
89.27284 0.44998 lineto
90.74982 0.44998 lineto
104.25018 0.44998 lineto
105.74982 0.44998 lineto
119.25018 0.44998 lineto
120.72784 0.44998 lineto
133.82286 0.44998 lineto
134.22066 0.44998 134.55002 0.76172 134.55002 1.15517 curveto
134.55002 13.84483 lineto
134.55002 14.24263 134.20647 14.55002 133.8002 14.55002 curveto
120.29984 14.55002 lineto
119.88579 14.55002 119.55002 14.88579 119.55002 15.29984 curveto
119.55002 28.8002 lineto
119.55002 29.20647 119.24263 29.55002 118.84483 29.55002 curveto
106.15517 29.55002 lineto
105.75737 29.55002 105.44998 29.20647 105.44998 28.8002 curveto
105.44998 15.29984 lineto
105.44998 14.88144 105.10002 14.55002 104.6775 14.55002 curveto
90.77248 14.55002 lineto
89.27216 14.55002 lineto
76.17714 14.55002 lineto
75.77934 14.55002 75.44998 14.23828 75.44998 13.84483 curveto
75.44998 1.15517 lineto
75.44998 0.76149 75.7798 0.44998 76.17783 0.44998 curveto closepath stroke
 1 1 0 setrgbcolor
newpath 30.77248 210.44998 moveto
44.6775 210.44998 lineto
45.10002 210.44998 45.44998 210.11856 45.44998 209.70016 curveto
45.44998 196.1998 lineto
45.44998 195.79353 45.75737 195.44998 46.15517 195.44998 curveto
58.84483 195.44998 lineto
59.24263 195.44998 59.55002 195.79353 59.55002 196.1998 curveto
59.55002 209.70016 lineto
59.55002 210.11421 59.88579 210.44998 60.29984 210.44998 curveto
73.8002 210.44998 lineto
74.20647 210.44998 74.55002 210.75737 74.55002 211.15517 curveto
74.55002 223.84483 lineto
74.55002 224.23851 74.2202 224.55002 73.82217 224.55002 curveto
60.72716 224.55002 lineto
59.25018 224.55002 lineto
45.74982 224.55002 lineto
44.25018 224.55002 lineto
30.74982 224.55002 lineto
29.27216 224.55002 lineto
16.17714 224.55002 lineto
15.77934 224.55002 15.44998 224.23828 15.44998 223.84483 curveto
15.44998 211.15517 lineto
15.44998 210.76149 15.7798 210.44998 16.17783 210.44998 curveto
29.27284 210.44998 lineto
 closepath fill
 0 setgray
newpath 30.77248 210.44998 moveto
44.6775 210.44998 lineto
45.10002 210.44998 45.44998 210.11856 45.44998 209.70016 curveto
45.44998 196.1998 lineto
45.44998 195.79353 45.75737 195.44998 46.15517 195.44998 curveto
58.84483 195.44998 lineto
59.24263 195.44998 59.55002 195.79353 59.55002 196.1998 curveto
59.55002 209.70016 lineto
59.55002 210.11421 59.88579 210.44998 60.29984 210.44998 curveto
73.8002 210.44998 lineto
74.20647 210.44998 74.55002 210.75737 74.55002 211.15517 curveto
74.55002 223.84483 lineto
74.55002 224.23851 74.2202 224.55002 73.82217 224.55002 curveto
60.72716 224.55002 lineto
59.25018 224.55002 lineto
45.74982 224.55002 lineto
44.25018 224.55002 lineto
30.74982 224.55002 lineto
29.27216 224.55002 lineto
16.17714 224.55002 lineto
15.77934 224.55002 15.44998 224.23828 15.44998 223.84483 curveto
15.44998 211.15517 lineto
15.44998 210.76149 15.7798 210.44998 16.17783 210.44998 curveto
29.27284 210.44998 lineto
 closepath stroke
 1 1 0 setrgbcolor
newpath 105.77248 210.44998 moveto
119.6775 210.44998 lineto
120.10002 210.44998 120.44998 210.11856 120.44998 209.70016 curveto
120.44998 196.1998 lineto
120.44998 195.79353 120.75737 195.44998 121.15517 195.44998 curveto
133.84483 195.44998 lineto
134.24263 195.44998 134.55002 195.79353 134.55002 196.1998 curveto
134.55002 209.70016 lineto
134.55002 210.11421 134.88579 210.44998 135.29984 210.44998 curveto
148.8002 210.44998 lineto
149.20647 210.44998 149.55002 210.75737 149.55002 211.15517 curveto
149.55002 223.84483 lineto
149.55002 224.23851 149.2202 224.55002 148.82217 224.55002 curveto
135.72716 224.55002 lineto
134.25018 224.55002 lineto
120.74982 224.55002 lineto
119.25018 224.55002 lineto
105.74982 224.55002 lineto
104.27216 224.55002 lineto
91.17714 224.55002 lineto
90.77934 224.55002 90.44998 224.23828 90.44998 223.84483 curveto
90.44998 211.15517 lineto
90.44998 210.76149 90.7798 210.44998 91.17783 210.44998 curveto
104.27284 210.44998 lineto
 closepath fill
 0 setgray
newpath 105.77248 210.44998 moveto
119.6775 210.44998 lineto
120.10002 210.44998 120.44998 210.11856 120.44998 209.70016 curveto
120.44998 196.1998 lineto
120.44998 195.79353 120.75737 195.44998 121.15517 195.44998 curveto
133.84483 195.44998 lineto
134.24263 195.44998 134.55002 195.79353 134.55002 196.1998 curveto
134.55002 209.70016 lineto
134.55002 210.11421 134.88579 210.44998 135.29984 210.44998 curveto
148.8002 210.44998 lineto
149.20647 210.44998 149.55002 210.75737 149.55002 211.15517 curveto
149.55002 223.84483 lineto
149.55002 224.23851 149.2202 224.55002 148.82217 224.55002 curveto
135.72716 224.55002 lineto
134.25018 224.55002 lineto
120.74982 224.55002 lineto
119.25018 224.55002 lineto
105.74982 224.55002 lineto
104.27216 224.55002 lineto
91.17714 224.55002 lineto
90.77934 224.55002 90.44998 224.23828 90.44998 223.84483 curveto
90.44998 211.15517 lineto
90.44998 210.76149 90.7798 210.44998 91.17783 210.44998 curveto
104.27284 210.44998 lineto
 closepath stroke
 0 0.9 0 setrgbcolor
newpath 180.77248 210.44998 moveto
194.6775 210.44998 lineto
195.10002 210.44998 195.44998 210.11856 195.44998 209.70016 curveto
195.44998 196.1998 lineto
195.44998 195.79353 195.75737 195.44998 196.15517 195.44998 curveto
208.84483 195.44998 lineto
209.24263 195.44998 209.55002 195.79353 209.55002 196.1998 curveto
209.55002 209.70016 lineto
209.55002 210.11421 209.88579 210.44998 210.29984 210.44998 curveto
223.8002 210.44998 lineto
224.20647 210.44998 224.55002 210.75737 224.55002 211.15517 curveto
224.55002 223.84483 lineto
224.55002 224.23851 224.2202 224.55002 223.82217 224.55002 curveto
210.72716 224.55002 lineto
209.25018 224.55002 lineto
195.74982 224.55002 lineto
194.25018 224.55002 lineto
180.74982 224.55002 lineto
179.27216 224.55002 lineto
166.17714 224.55002 lineto
165.77934 224.55002 165.44998 224.23828 165.44998 223.84483 curveto
165.44998 211.15517 lineto
165.44998 210.76149 165.7798 210.44998 166.17783 210.44998 curveto
179.27284 210.44998 lineto
 closepath fill
 0 setgray
newpath 180.77248 210.44998 moveto
194.6775 210.44998 lineto
195.10002 210.44998 195.44998 210.11856 195.44998 209.70016 curveto
195.44998 196.1998 lineto
195.44998 195.79353 195.75737 195.44998 196.15517 195.44998 curveto
208.84483 195.44998 lineto
209.24263 195.44998 209.55002 195.79353 209.55002 196.1998 curveto
209.55002 209.70016 lineto
209.55002 210.11421 209.88579 210.44998 210.29984 210.44998 curveto
223.8002 210.44998 lineto
224.20647 210.44998 224.55002 210.75737 224.55002 211.15517 curveto
224.55002 223.84483 lineto
224.55002 224.23851 224.2202 224.55002 223.82217 224.55002 curveto
210.72716 224.55002 lineto
209.25018 224.55002 lineto
195.74982 224.55002 lineto
194.25018 224.55002 lineto
180.74982 224.55002 lineto
179.27216 224.55002 lineto
166.17714 224.55002 lineto
165.77934 224.55002 165.44998 224.23828 165.44998 223.84483 curveto
165.44998 211.15517 lineto
165.44998 210.76149 165.7798 210.44998 166.17783 210.44998 curveto
179.27284 210.44998 lineto
 closepath stroke
 0 0 0.9 setrgbcolor
newpath 75.77248 180.44998 moveto
89.6775 180.44998 lineto
90.10002 180.44998 90.44998 180.11856 90.44998 179.70016 curveto
90.44998 166.1998 lineto
90.44998 165.79353 90.75737 165.44998 91.15517 165.44998 curveto
103.84483 165.44998 lineto
104.24263 165.44998 104.55002 165.79353 104.55002 166.1998 curveto
104.55002 179.70016 lineto
104.55002 180.11421 104.88579 180.44998 105.29984 180.44998 curveto
118.8002 180.44998 lineto
119.20647 180.44998 119.55002 180.75737 119.55002 181.15517 curveto
119.55002 193.84483 lineto
119.55002 194.23851 119.2202 194.55002 118.82217 194.55002 curveto
105.72716 194.55002 lineto
104.25018 194.55002 lineto
90.74982 194.55002 lineto
89.25018 194.55002 lineto
75.74982 194.55002 lineto
74.27216 194.55002 lineto
61.17714 194.55002 lineto
60.77934 194.55002 60.44998 194.23828 60.44998 193.84483 curveto
60.44998 181.15517 lineto
60.44998 180.76149 60.7798 180.44998 61.17783 180.44998 curveto
74.27284 180.44998 lineto
 closepath fill
 0 setgray
newpath 75.77248 180.44998 moveto
89.6775 180.44998 lineto
90.10002 180.44998 90.44998 180.11856 90.44998 179.70016 curveto
90.44998 166.1998 lineto
90.44998 165.79353 90.75737 165.44998 91.15517 165.44998 curveto
103.84483 165.44998 lineto
104.24263 165.44998 104.55002 165.79353 104.55002 166.1998 curveto
104.55002 179.70016 lineto
104.55002 180.11421 104.88579 180.44998 105.29984 180.44998 curveto
118.8002 180.44998 lineto
119.20647 180.44998 119.55002 180.75737 119.55002 181.15517 curveto
119.55002 193.84483 lineto
119.55002 194.23851 119.2202 194.55002 118.82217 194.55002 curveto
105.72716 194.55002 lineto
104.25018 194.55002 lineto
90.74982 194.55002 lineto
89.25018 194.55002 lineto
75.74982 194.55002 lineto
74.27216 194.55002 lineto
61.17714 194.55002 lineto
60.77934 194.55002 60.44998 194.23828 60.44998 193.84483 curveto
60.44998 181.15517 lineto
60.44998 180.76149 60.7798 180.44998 61.17783 180.44998 curveto
74.27284 180.44998 lineto
 closepath stroke
 1 1 0 setrgbcolor
newpath 165.77248 180.44998 moveto
179.6775 180.44998 lineto
180.10002 180.44998 180.44998 180.11856 180.44998 179.70016 curveto
180.44998 166.1998 lineto
180.44998 165.79353 180.75737 165.44998 181.15517 165.44998 curveto
193.84483 165.44998 lineto
194.24263 165.44998 194.55002 165.79353 194.55002 166.1998 curveto
194.55002 179.70016 lineto
194.55002 180.11421 194.88579 180.44998 195.29984 180.44998 curveto
208.8002 180.44998 lineto
209.20647 180.44998 209.55002 180.75737 209.55002 181.15517 curveto
209.55002 193.84483 lineto
209.55002 194.23851 209.2202 194.55002 208.82217 194.55002 curveto
195.72716 194.55002 lineto
194.25018 194.55002 lineto
180.74982 194.55002 lineto
179.25018 194.55002 lineto
165.74982 194.55002 lineto
164.27216 194.55002 lineto
151.17714 194.55002 lineto
150.77934 194.55002 150.44998 194.23828 150.44998 193.84483 curveto
150.44998 181.15517 lineto
150.44998 180.76149 150.7798 180.44998 151.17783 180.44998 curveto
164.27284 180.44998 lineto
 closepath fill
 0 setgray
newpath 165.77248 180.44998 moveto
179.6775 180.44998 lineto
180.10002 180.44998 180.44998 180.11856 180.44998 179.70016 curveto
180.44998 166.1998 lineto
180.44998 165.79353 180.75737 165.44998 181.15517 165.44998 curveto
193.84483 165.44998 lineto
194.24263 165.44998 194.55002 165.79353 194.55002 166.1998 curveto
194.55002 179.70016 lineto
194.55002 180.11421 194.88579 180.44998 195.29984 180.44998 curveto
208.8002 180.44998 lineto
209.20647 180.44998 209.55002 180.75737 209.55002 181.15517 curveto
209.55002 193.84483 lineto
209.55002 194.23851 209.2202 194.55002 208.82217 194.55002 curveto
195.72716 194.55002 lineto
194.25018 194.55002 lineto
180.74982 194.55002 lineto
179.25018 194.55002 lineto
165.74982 194.55002 lineto
164.27216 194.55002 lineto
151.17714 194.55002 lineto
150.77934 194.55002 150.44998 194.23828 150.44998 193.84483 curveto
150.44998 181.15517 lineto
150.44998 180.76149 150.7798 180.44998 151.17783 180.44998 curveto
164.27284 180.44998 lineto
 closepath stroke
 1 1 0 setrgbcolor
newpath 180.77248 135.44998 moveto
194.6775 135.44998 lineto
195.10002 135.44998 195.44998 135.11856 195.44998 134.70016 curveto
195.44998 121.1998 lineto
195.44998 120.79353 195.75737 120.44998 196.15517 120.44998 curveto
208.84483 120.44998 lineto
209.24263 120.44998 209.55002 120.79353 209.55002 121.1998 curveto
209.55002 134.70016 lineto
209.55002 135.11421 209.88579 135.44998 210.29984 135.44998 curveto
223.8002 135.44998 lineto
224.20647 135.44998 224.55002 135.75737 224.55002 136.15517 curveto
224.55002 148.84483 lineto
224.55002 149.23851 224.2202 149.55002 223.82217 149.55002 curveto
210.72716 149.55002 lineto
209.25018 149.55002 lineto
195.74982 149.55002 lineto
194.25018 149.55002 lineto
180.74982 149.55002 lineto
179.27216 149.55002 lineto
166.17714 149.55002 lineto
165.77934 149.55002 165.44998 149.23828 165.44998 148.84483 curveto
165.44998 136.15517 lineto
165.44998 135.76149 165.7798 135.44998 166.17783 135.44998 curveto
179.27284 135.44998 lineto
 closepath fill
 0 setgray
newpath 180.77248 135.44998 moveto
194.6775 135.44998 lineto
195.10002 135.44998 195.44998 135.11856 195.44998 134.70016 curveto
195.44998 121.1998 lineto
195.44998 120.79353 195.75737 120.44998 196.15517 120.44998 curveto
208.84483 120.44998 lineto
209.24263 120.44998 209.55002 120.79353 209.55002 121.1998 curveto
209.55002 134.70016 lineto
209.55002 135.11421 209.88579 135.44998 210.29984 135.44998 curveto
223.8002 135.44998 lineto
224.20647 135.44998 224.55002 135.75737 224.55002 136.15517 curveto
224.55002 148.84483 lineto
224.55002 149.23851 224.2202 149.55002 223.82217 149.55002 curveto
210.72716 149.55002 lineto
209.25018 149.55002 lineto
195.74982 149.55002 lineto
194.25018 149.55002 lineto
180.74982 149.55002 lineto
179.27216 149.55002 lineto
166.17714 149.55002 lineto
165.77934 149.55002 165.44998 149.23828 165.44998 148.84483 curveto
165.44998 136.15517 lineto
165.44998 135.76149 165.7798 135.44998 166.17783 135.44998 curveto
179.27284 135.44998 lineto
 closepath stroke
 0.9 0 0 setrgbcolor
newpath 105.77248 120.44998 moveto
119.6775 120.44998 lineto
120.10002 120.44998 120.44998 120.11856 120.44998 119.70016 curveto
120.44998 106.1998 lineto
120.44998 105.79353 120.75737 105.44998 121.15517 105.44998 curveto
133.84483 105.44998 lineto
134.24263 105.44998 134.55002 105.79353 134.55002 106.1998 curveto
134.55002 119.70016 lineto
134.55002 120.11421 134.88579 120.44998 135.29984 120.44998 curveto
148.8002 120.44998 lineto
149.20647 120.44998 149.55002 120.75737 149.55002 121.15517 curveto
149.55002 133.84483 lineto
149.55002 134.23851 149.2202 134.55002 148.82217 134.55002 curveto
135.72716 134.55002 lineto
134.25018 134.55002 lineto
120.74982 134.55002 lineto
119.25018 134.55002 lineto
105.74982 134.55002 lineto
104.27216 134.55002 lineto
91.17714 134.55002 lineto
90.77934 134.55002 90.44998 134.23828 90.44998 133.84483 curveto
90.44998 121.15517 lineto
90.44998 120.76149 90.7798 120.44998 91.17783 120.44998 curveto
104.27284 120.44998 lineto
 closepath fill
 0 setgray
newpath 105.77248 120.44998 moveto
119.6775 120.44998 lineto
120.10002 120.44998 120.44998 120.11856 120.44998 119.70016 curveto
120.44998 106.1998 lineto
120.44998 105.79353 120.75737 105.44998 121.15517 105.44998 curveto
133.84483 105.44998 lineto
134.24263 105.44998 134.55002 105.79353 134.55002 106.1998 curveto
134.55002 119.70016 lineto
134.55002 120.11421 134.88579 120.44998 135.29984 120.44998 curveto
148.8002 120.44998 lineto
149.20647 120.44998 149.55002 120.75737 149.55002 121.15517 curveto
149.55002 133.84483 lineto
149.55002 134.23851 149.2202 134.55002 148.82217 134.55002 curveto
135.72716 134.55002 lineto
134.25018 134.55002 lineto
120.74982 134.55002 lineto
119.25018 134.55002 lineto
105.74982 134.55002 lineto
104.27216 134.55002 lineto
91.17714 134.55002 lineto
90.77934 134.55002 90.44998 134.23828 90.44998 133.84483 curveto
90.44998 121.15517 lineto
90.44998 120.76149 90.7798 120.44998 91.17783 120.44998 curveto
104.27284 120.44998 lineto
 closepath stroke
 0.9 0 0 setrgbcolor
newpath 30.77248 60.44998 moveto
44.6775 60.44998 lineto
45.10002 60.44998 45.44998 60.11856 45.44998 59.70016 curveto
45.44998 46.1998 lineto
45.44998 45.79353 45.75737 45.44998 46.15517 45.44998 curveto
58.84483 45.44998 lineto
59.24263 45.44998 59.55002 45.79353 59.55002 46.1998 curveto
59.55002 59.70016 lineto
59.55002 60.11421 59.88579 60.44998 60.29984 60.44998 curveto
73.8002 60.44998 lineto
74.20647 60.44998 74.55002 60.75737 74.55002 61.15517 curveto
74.55002 73.84483 lineto
74.55002 74.23851 74.2202 74.55002 73.82217 74.55002 curveto
60.72716 74.55002 lineto
59.25018 74.55002 lineto
45.74982 74.55002 lineto
44.25018 74.55002 lineto
30.74982 74.55002 lineto
29.27216 74.55002 lineto
16.17714 74.55002 lineto
15.77934 74.55002 15.44998 74.23828 15.44998 73.84483 curveto
15.44998 61.15517 lineto
15.44998 60.76149 15.7798 60.44998 16.17783 60.44998 curveto
29.27284 60.44998 lineto
 closepath fill
 0 setgray
newpath 30.77248 60.44998 moveto
44.6775 60.44998 lineto
45.10002 60.44998 45.44998 60.11856 45.44998 59.70016 curveto
45.44998 46.1998 lineto
45.44998 45.79353 45.75737 45.44998 46.15517 45.44998 curveto
58.84483 45.44998 lineto
59.24263 45.44998 59.55002 45.79353 59.55002 46.1998 curveto
59.55002 59.70016 lineto
59.55002 60.11421 59.88579 60.44998 60.29984 60.44998 curveto
73.8002 60.44998 lineto
74.20647 60.44998 74.55002 60.75737 74.55002 61.15517 curveto
74.55002 73.84483 lineto
74.55002 74.23851 74.2202 74.55002 73.82217 74.55002 curveto
60.72716 74.55002 lineto
59.25018 74.55002 lineto
45.74982 74.55002 lineto
44.25018 74.55002 lineto
30.74982 74.55002 lineto
29.27216 74.55002 lineto
16.17714 74.55002 lineto
15.77934 74.55002 15.44998 74.23828 15.44998 73.84483 curveto
15.44998 61.15517 lineto
15.44998 60.76149 15.7798 60.44998 16.17783 60.44998 curveto
29.27284 60.44998 lineto
 closepath stroke
 0.9 0 0 setrgbcolor
newpath 45.77248 15.44998 moveto
59.6775 15.44998 lineto
60.10002 15.44998 60.44998 15.11856 60.44998 14.70016 curveto
60.44998 1.1998 lineto
60.44998 0.79353 60.75737 0.44998 61.15517 0.44998 curveto
73.84483 0.44998 lineto
74.24263 0.44998 74.55002 0.79353 74.55002 1.1998 curveto
74.55002 14.70016 lineto
74.55002 15.11421 74.88579 15.44998 75.29984 15.44998 curveto
88.8002 15.44998 lineto
89.20647 15.44998 89.55002 15.75737 89.55002 16.15517 curveto
89.55002 28.84483 lineto
89.55002 29.23851 89.2202 29.55002 88.82217 29.55002 curveto
75.72716 29.55002 lineto
74.25018 29.55002 lineto
60.74982 29.55002 lineto
59.25018 29.55002 lineto
45.74982 29.55002 lineto
44.27216 29.55002 lineto
31.17714 29.55002 lineto
30.77934 29.55002 30.44998 29.23828 30.44998 28.84483 curveto
30.44998 16.15517 lineto
30.44998 15.76149 30.7798 15.44998 31.17783 15.44998 curveto
44.27284 15.44998 lineto
 closepath fill
 0 setgray
newpath 45.77248 15.44998 moveto
59.6775 15.44998 lineto
60.10002 15.44998 60.44998 15.11856 60.44998 14.70016 curveto
60.44998 1.1998 lineto
60.44998 0.79353 60.75737 0.44998 61.15517 0.44998 curveto
73.84483 0.44998 lineto
74.24263 0.44998 74.55002 0.79353 74.55002 1.1998 curveto
74.55002 14.70016 lineto
74.55002 15.11421 74.88579 15.44998 75.29984 15.44998 curveto
88.8002 15.44998 lineto
89.20647 15.44998 89.55002 15.75737 89.55002 16.15517 curveto
89.55002 28.84483 lineto
89.55002 29.23851 89.2202 29.55002 88.82217 29.55002 curveto
75.72716 29.55002 lineto
74.25018 29.55002 lineto
60.74982 29.55002 lineto
59.25018 29.55002 lineto
45.74982 29.55002 lineto
44.27216 29.55002 lineto
31.17714 29.55002 lineto
30.77934 29.55002 30.44998 29.23828 30.44998 28.84483 curveto
30.44998 16.15517 lineto
30.44998 15.76149 30.7798 15.44998 31.17783 15.44998 curveto
44.27284 15.44998 lineto
 closepath stroke
 0 0.9 0 setrgbcolor
newpath 14.55002 180.77248 moveto
14.55002 194.6775 lineto
14.55002 195.10002 14.88144 195.44998 15.29984 195.44998 curveto
28.8002 195.44998 lineto
29.20647 195.44998 29.55002 195.75737 29.55002 196.15517 curveto
29.55002 208.84483 lineto
29.55002 209.24263 29.20647 209.55002 28.8002 209.55002 curveto
15.29984 209.55002 lineto
14.88579 209.55002 14.55002 209.88579 14.55002 210.29984 curveto
14.55002 223.8002 lineto
14.55002 224.20647 14.24263 224.55002 13.84483 224.55002 curveto
1.15517 224.55002 lineto
0.76149 224.55002 0.44998 224.2202 0.44998 223.82217 curveto
0.44998 210.72716 lineto
0.44998 209.25018 lineto
0.44998 195.74982 lineto
0.44998 194.25018 lineto
0.44998 180.74982 lineto
0.44998 179.27216 lineto
0.44998 166.17714 lineto
0.44998 165.77934 0.76172 165.44998 1.15517 165.44998 curveto
13.84483 165.44998 lineto
14.23851 165.44998 14.55002 165.7798 14.55002 166.17783 curveto
14.55002 179.27284 lineto
 closepath fill
 0 setgray
newpath 14.55002 180.77248 moveto
14.55002 194.6775 lineto
14.55002 195.10002 14.88144 195.44998 15.29984 195.44998 curveto
28.8002 195.44998 lineto
29.20647 195.44998 29.55002 195.75737 29.55002 196.15517 curveto
29.55002 208.84483 lineto
29.55002 209.24263 29.20647 209.55002 28.8002 209.55002 curveto
15.29984 209.55002 lineto
14.88579 209.55002 14.55002 209.88579 14.55002 210.29984 curveto
14.55002 223.8002 lineto
14.55002 224.20647 14.24263 224.55002 13.84483 224.55002 curveto
1.15517 224.55002 lineto
0.76149 224.55002 0.44998 224.2202 0.44998 223.82217 curveto
0.44998 210.72716 lineto
0.44998 209.25018 lineto
0.44998 195.74982 lineto
0.44998 194.25018 lineto
0.44998 180.74982 lineto
0.44998 179.27216 lineto
0.44998 166.17714 lineto
0.44998 165.77934 0.76172 165.44998 1.15517 165.44998 curveto
13.84483 165.44998 lineto
14.23851 165.44998 14.55002 165.7798 14.55002 166.17783 curveto
14.55002 179.27284 lineto
 closepath stroke
 1 1 0 setrgbcolor
newpath 14.55002 30.77248 moveto
14.55002 44.6775 lineto
14.55002 45.10002 14.88144 45.44998 15.29984 45.44998 curveto
28.8002 45.44998 lineto
29.20647 45.44998 29.55002 45.75737 29.55002 46.15517 curveto
29.55002 58.84483 lineto
29.55002 59.24263 29.20647 59.55002 28.8002 59.55002 curveto
15.29984 59.55002 lineto
14.88579 59.55002 14.55002 59.88579 14.55002 60.29984 curveto
14.55002 73.8002 lineto
14.55002 74.20647 14.24263 74.55002 13.84483 74.55002 curveto
1.15517 74.55002 lineto
0.76149 74.55002 0.44998 74.2202 0.44998 73.82217 curveto
0.44998 60.72716 lineto
0.44998 59.25018 lineto
0.44998 45.74982 lineto
0.44998 44.25018 lineto
0.44998 30.74982 lineto
0.44998 29.27216 lineto
0.44998 16.17714 lineto
0.44998 15.77934 0.76172 15.44998 1.15517 15.44998 curveto
13.84483 15.44998 lineto
14.23851 15.44998 14.55002 15.7798 14.55002 16.17783 curveto
14.55002 29.27284 lineto
 closepath fill
 0 setgray
newpath 14.55002 30.77248 moveto
14.55002 44.6775 lineto
14.55002 45.10002 14.88144 45.44998 15.29984 45.44998 curveto
28.8002 45.44998 lineto
29.20647 45.44998 29.55002 45.75737 29.55002 46.15517 curveto
29.55002 58.84483 lineto
29.55002 59.24263 29.20647 59.55002 28.8002 59.55002 curveto
15.29984 59.55002 lineto
14.88579 59.55002 14.55002 59.88579 14.55002 60.29984 curveto
14.55002 73.8002 lineto
14.55002 74.20647 14.24263 74.55002 13.84483 74.55002 curveto
1.15517 74.55002 lineto
0.76149 74.55002 0.44998 74.2202 0.44998 73.82217 curveto
0.44998 60.72716 lineto
0.44998 59.25018 lineto
0.44998 45.74982 lineto
0.44998 44.25018 lineto
0.44998 30.74982 lineto
0.44998 29.27216 lineto
0.44998 16.17714 lineto
0.44998 15.77934 0.76172 15.44998 1.15517 15.44998 curveto
13.84483 15.44998 lineto
14.23851 15.44998 14.55002 15.7798 14.55002 16.17783 curveto
14.55002 29.27284 lineto
 closepath stroke
 0.9 0 0 setrgbcolor
newpath 44.55002 105.77248 moveto
44.55002 119.6775 lineto
44.55002 120.10002 44.88144 120.44998 45.29984 120.44998 curveto
58.8002 120.44998 lineto
59.20647 120.44998 59.55002 120.75737 59.55002 121.15517 curveto
59.55002 133.84483 lineto
59.55002 134.24263 59.20647 134.55002 58.8002 134.55002 curveto
45.29984 134.55002 lineto
44.88579 134.55002 44.55002 134.88579 44.55002 135.29984 curveto
44.55002 148.8002 lineto
44.55002 149.20647 44.24263 149.55002 43.84483 149.55002 curveto
31.15517 149.55002 lineto
30.76149 149.55002 30.44998 149.2202 30.44998 148.82217 curveto
30.44998 135.72716 lineto
30.44998 134.25018 lineto
30.44998 120.74982 lineto
30.44998 119.25018 lineto
30.44998 105.74982 lineto
30.44998 104.27216 lineto
30.44998 91.17714 lineto
30.44998 90.77934 30.76172 90.44998 31.15517 90.44998 curveto
43.84483 90.44998 lineto
44.23851 90.44998 44.55002 90.7798 44.55002 91.17783 curveto
44.55002 104.27284 lineto
 closepath fill
 0 setgray
newpath 44.55002 105.77248 moveto
44.55002 119.6775 lineto
44.55002 120.10002 44.88144 120.44998 45.29984 120.44998 curveto
58.8002 120.44998 lineto
59.20647 120.44998 59.55002 120.75737 59.55002 121.15517 curveto
59.55002 133.84483 lineto
59.55002 134.24263 59.20647 134.55002 58.8002 134.55002 curveto
45.29984 134.55002 lineto
44.88579 134.55002 44.55002 134.88579 44.55002 135.29984 curveto
44.55002 148.8002 lineto
44.55002 149.20647 44.24263 149.55002 43.84483 149.55002 curveto
31.15517 149.55002 lineto
30.76149 149.55002 30.44998 149.2202 30.44998 148.82217 curveto
30.44998 135.72716 lineto
30.44998 134.25018 lineto
30.44998 120.74982 lineto
30.44998 119.25018 lineto
30.44998 105.74982 lineto
30.44998 104.27216 lineto
30.44998 91.17714 lineto
30.44998 90.77934 30.76172 90.44998 31.15517 90.44998 curveto
43.84483 90.44998 lineto
44.23851 90.44998 44.55002 90.7798 44.55002 91.17783 curveto
44.55002 104.27284 lineto
 closepath stroke
 0 0.9 0 setrgbcolor
newpath 59.55002 150.77248 moveto
59.55002 164.6775 lineto
59.55002 165.10002 59.88144 165.44998 60.29984 165.44998 curveto
73.8002 165.44998 lineto
74.20647 165.44998 74.55002 165.75737 74.55002 166.15517 curveto
74.55002 178.84483 lineto
74.55002 179.24263 74.20647 179.55002 73.8002 179.55002 curveto
60.29984 179.55002 lineto
59.88579 179.55002 59.55002 179.88579 59.55002 180.29984 curveto
59.55002 193.8002 lineto
59.55002 194.20647 59.24263 194.55002 58.84483 194.55002 curveto
46.15517 194.55002 lineto
45.76149 194.55002 45.44998 194.2202 45.44998 193.82217 curveto
45.44998 180.72716 lineto
45.44998 179.25018 lineto
45.44998 165.74982 lineto
45.44998 164.25018 lineto
45.44998 150.74982 lineto
45.44998 149.27216 lineto
45.44998 136.17714 lineto
45.44998 135.77934 45.76172 135.44998 46.15517 135.44998 curveto
58.84483 135.44998 lineto
59.23851 135.44998 59.55002 135.7798 59.55002 136.17783 curveto
59.55002 149.27284 lineto
 closepath fill
 0 setgray
newpath 59.55002 150.77248 moveto
59.55002 164.6775 lineto
59.55002 165.10002 59.88144 165.44998 60.29984 165.44998 curveto
73.8002 165.44998 lineto
74.20647 165.44998 74.55002 165.75737 74.55002 166.15517 curveto
74.55002 178.84483 lineto
74.55002 179.24263 74.20647 179.55002 73.8002 179.55002 curveto
60.29984 179.55002 lineto
59.88579 179.55002 59.55002 179.88579 59.55002 180.29984 curveto
59.55002 193.8002 lineto
59.55002 194.20647 59.24263 194.55002 58.84483 194.55002 curveto
46.15517 194.55002 lineto
45.76149 194.55002 45.44998 194.2202 45.44998 193.82217 curveto
45.44998 180.72716 lineto
45.44998 179.25018 lineto
45.44998 165.74982 lineto
45.44998 164.25018 lineto
45.44998 150.74982 lineto
45.44998 149.27216 lineto
45.44998 136.17714 lineto
45.44998 135.77934 45.76172 135.44998 46.15517 135.44998 curveto
58.84483 135.44998 lineto
59.23851 135.44998 59.55002 135.7798 59.55002 136.17783 curveto
59.55002 149.27284 lineto
 closepath stroke
 0 0 0.9 setrgbcolor
newpath 149.55002 150.77248 moveto
149.55002 164.6775 lineto
149.55002 165.10002 149.88144 165.44998 150.29984 165.44998 curveto
163.8002 165.44998 lineto
164.20647 165.44998 164.55002 165.75737 164.55002 166.15517 curveto
164.55002 178.84483 lineto
164.55002 179.24263 164.20647 179.55002 163.8002 179.55002 curveto
150.29984 179.55002 lineto
149.88579 179.55002 149.55002 179.88579 149.55002 180.29984 curveto
149.55002 193.8002 lineto
149.55002 194.20647 149.24263 194.55002 148.84483 194.55002 curveto
136.15517 194.55002 lineto
135.76149 194.55002 135.44998 194.2202 135.44998 193.82217 curveto
135.44998 180.72716 lineto
135.44998 179.25018 lineto
135.44998 165.74982 lineto
135.44998 164.25018 lineto
135.44998 150.74982 lineto
135.44998 149.27216 lineto
135.44998 136.17714 lineto
135.44998 135.77934 135.76172 135.44998 136.15517 135.44998 curveto
148.84483 135.44998 lineto
149.23851 135.44998 149.55002 135.7798 149.55002 136.17783 curveto
149.55002 149.27284 lineto
 closepath fill
 0 setgray
newpath 149.55002 150.77248 moveto
149.55002 164.6775 lineto
149.55002 165.10002 149.88144 165.44998 150.29984 165.44998 curveto
163.8002 165.44998 lineto
164.20647 165.44998 164.55002 165.75737 164.55002 166.15517 curveto
164.55002 178.84483 lineto
164.55002 179.24263 164.20647 179.55002 163.8002 179.55002 curveto
150.29984 179.55002 lineto
149.88579 179.55002 149.55002 179.88579 149.55002 180.29984 curveto
149.55002 193.8002 lineto
149.55002 194.20647 149.24263 194.55002 148.84483 194.55002 curveto
136.15517 194.55002 lineto
135.76149 194.55002 135.44998 194.2202 135.44998 193.82217 curveto
135.44998 180.72716 lineto
135.44998 179.25018 lineto
135.44998 165.74982 lineto
135.44998 164.25018 lineto
135.44998 150.74982 lineto
135.44998 149.27216 lineto
135.44998 136.17714 lineto
135.44998 135.77934 135.76172 135.44998 136.15517 135.44998 curveto
148.84483 135.44998 lineto
149.23851 135.44998 149.55002 135.7798 149.55002 136.17783 curveto
149.55002 149.27284 lineto
 closepath stroke
 0 0.9 0 setrgbcolor
newpath 164.55002 105.77248 moveto
164.55002 119.6775 lineto
164.55002 120.10002 164.88144 120.44998 165.29984 120.44998 curveto
178.8002 120.44998 lineto
179.20647 120.44998 179.55002 120.75737 179.55002 121.15517 curveto
179.55002 133.84483 lineto
179.55002 134.24263 179.20647 134.55002 178.8002 134.55002 curveto
165.29984 134.55002 lineto
164.88579 134.55002 164.55002 134.88579 164.55002 135.29984 curveto
164.55002 148.8002 lineto
164.55002 149.20647 164.24263 149.55002 163.84483 149.55002 curveto
151.15517 149.55002 lineto
150.76149 149.55002 150.44998 149.2202 150.44998 148.82217 curveto
150.44998 135.72716 lineto
150.44998 134.25018 lineto
150.44998 120.74982 lineto
150.44998 119.25018 lineto
150.44998 105.74982 lineto
150.44998 104.27216 lineto
150.44998 91.17714 lineto
150.44998 90.77934 150.76172 90.44998 151.15517 90.44998 curveto
163.84483 90.44998 lineto
164.23851 90.44998 164.55002 90.7798 164.55002 91.17783 curveto
164.55002 104.27284 lineto
 closepath fill
 0 setgray
newpath 164.55002 105.77248 moveto
164.55002 119.6775 lineto
164.55002 120.10002 164.88144 120.44998 165.29984 120.44998 curveto
178.8002 120.44998 lineto
179.20647 120.44998 179.55002 120.75737 179.55002 121.15517 curveto
179.55002 133.84483 lineto
179.55002 134.24263 179.20647 134.55002 178.8002 134.55002 curveto
165.29984 134.55002 lineto
164.88579 134.55002 164.55002 134.88579 164.55002 135.29984 curveto
164.55002 148.8002 lineto
164.55002 149.20647 164.24263 149.55002 163.84483 149.55002 curveto
151.15517 149.55002 lineto
150.76149 149.55002 150.44998 149.2202 150.44998 148.82217 curveto
150.44998 135.72716 lineto
150.44998 134.25018 lineto
150.44998 120.74982 lineto
150.44998 119.25018 lineto
150.44998 105.74982 lineto
150.44998 104.27216 lineto
150.44998 91.17714 lineto
150.44998 90.77934 150.76172 90.44998 151.15517 90.44998 curveto
163.84483 90.44998 lineto
164.23851 90.44998 164.55002 90.7798 164.55002 91.17783 curveto
164.55002 104.27284 lineto
 closepath stroke
 0 0.9 0 setrgbcolor
newpath 164.55002 30.77248 moveto
164.55002 44.6775 lineto
164.55002 45.10002 164.88144 45.44998 165.29984 45.44998 curveto
178.8002 45.44998 lineto
179.20647 45.44998 179.55002 45.75737 179.55002 46.15517 curveto
179.55002 58.84483 lineto
179.55002 59.24263 179.20647 59.55002 178.8002 59.55002 curveto
165.29984 59.55002 lineto
164.88579 59.55002 164.55002 59.88579 164.55002 60.29984 curveto
164.55002 73.8002 lineto
164.55002 74.20647 164.24263 74.55002 163.84483 74.55002 curveto
151.15517 74.55002 lineto
150.76149 74.55002 150.44998 74.2202 150.44998 73.82217 curveto
150.44998 60.72716 lineto
150.44998 59.25018 lineto
150.44998 45.74982 lineto
150.44998 44.25018 lineto
150.44998 30.74982 lineto
150.44998 29.27216 lineto
150.44998 16.17714 lineto
150.44998 15.77934 150.76172 15.44998 151.15517 15.44998 curveto
163.84483 15.44998 lineto
164.23851 15.44998 164.55002 15.7798 164.55002 16.17783 curveto
164.55002 29.27284 lineto
 closepath fill
 0 setgray
newpath 164.55002 30.77248 moveto
164.55002 44.6775 lineto
164.55002 45.10002 164.88144 45.44998 165.29984 45.44998 curveto
178.8002 45.44998 lineto
179.20647 45.44998 179.55002 45.75737 179.55002 46.15517 curveto
179.55002 58.84483 lineto
179.55002 59.24263 179.20647 59.55002 178.8002 59.55002 curveto
165.29984 59.55002 lineto
164.88579 59.55002 164.55002 59.88579 164.55002 60.29984 curveto
164.55002 73.8002 lineto
164.55002 74.20647 164.24263 74.55002 163.84483 74.55002 curveto
151.15517 74.55002 lineto
150.76149 74.55002 150.44998 74.2202 150.44998 73.82217 curveto
150.44998 60.72716 lineto
150.44998 59.25018 lineto
150.44998 45.74982 lineto
150.44998 44.25018 lineto
150.44998 30.74982 lineto
150.44998 29.27216 lineto
150.44998 16.17714 lineto
150.44998 15.77934 150.76172 15.44998 151.15517 15.44998 curveto
163.84483 15.44998 lineto
164.23851 15.44998 164.55002 15.7798 164.55002 16.17783 curveto
164.55002 29.27284 lineto
 closepath stroke
 0 0 0.9 setrgbcolor
newpath 194.55002 90.77248 moveto
194.55002 104.6775 lineto
194.55002 105.10002 194.88144 105.44998 195.29984 105.44998 curveto
208.8002 105.44998 lineto
209.20647 105.44998 209.55002 105.75737 209.55002 106.15517 curveto
209.55002 118.84483 lineto
209.55002 119.24263 209.20647 119.55002 208.8002 119.55002 curveto
195.29984 119.55002 lineto
194.88579 119.55002 194.55002 119.88579 194.55002 120.29984 curveto
194.55002 133.8002 lineto
194.55002 134.20647 194.24263 134.55002 193.84483 134.55002 curveto
181.15517 134.55002 lineto
180.76149 134.55002 180.44998 134.2202 180.44998 133.82217 curveto
180.44998 120.72716 lineto
180.44998 119.25018 lineto
180.44998 105.74982 lineto
180.44998 104.25018 lineto
180.44998 90.74982 lineto
180.44998 89.27216 lineto
180.44998 76.17714 lineto
180.44998 75.77934 180.76172 75.44998 181.15517 75.44998 curveto
193.84483 75.44998 lineto
194.23851 75.44998 194.55002 75.7798 194.55002 76.17783 curveto
194.55002 89.27284 lineto
 closepath fill
 0 setgray
newpath 194.55002 90.77248 moveto
194.55002 104.6775 lineto
194.55002 105.10002 194.88144 105.44998 195.29984 105.44998 curveto
208.8002 105.44998 lineto
209.20647 105.44998 209.55002 105.75737 209.55002 106.15517 curveto
209.55002 118.84483 lineto
209.55002 119.24263 209.20647 119.55002 208.8002 119.55002 curveto
195.29984 119.55002 lineto
194.88579 119.55002 194.55002 119.88579 194.55002 120.29984 curveto
194.55002 133.8002 lineto
194.55002 134.20647 194.24263 134.55002 193.84483 134.55002 curveto
181.15517 134.55002 lineto
180.76149 134.55002 180.44998 134.2202 180.44998 133.82217 curveto
180.44998 120.72716 lineto
180.44998 119.25018 lineto
180.44998 105.74982 lineto
180.44998 104.25018 lineto
180.44998 90.74982 lineto
180.44998 89.27216 lineto
180.44998 76.17714 lineto
180.44998 75.77934 180.76172 75.44998 181.15517 75.44998 curveto
193.84483 75.44998 lineto
194.23851 75.44998 194.55002 75.7798 194.55002 76.17783 curveto
194.55002 89.27284 lineto
 closepath stroke
 1 1 0 setrgbcolor
newpath 209.55002 45.77248 moveto
209.55002 59.6775 lineto
209.55002 60.10002 209.88144 60.44998 210.29984 60.44998 curveto
223.8002 60.44998 lineto
224.20647 60.44998 224.55002 60.75737 224.55002 61.15517 curveto
224.55002 73.84483 lineto
224.55002 74.24263 224.20647 74.55002 223.8002 74.55002 curveto
210.29984 74.55002 lineto
209.88579 74.55002 209.55002 74.88579 209.55002 75.29984 curveto
209.55002 88.8002 lineto
209.55002 89.20647 209.24263 89.55002 208.84483 89.55002 curveto
196.15517 89.55002 lineto
195.76149 89.55002 195.44998 89.2202 195.44998 88.82217 curveto
195.44998 75.72716 lineto
195.44998 74.25018 lineto
195.44998 60.74982 lineto
195.44998 59.25018 lineto
195.44998 45.74982 lineto
195.44998 44.27216 lineto
195.44998 31.17714 lineto
195.44998 30.77934 195.76172 30.44998 196.15517 30.44998 curveto
208.84483 30.44998 lineto
209.23851 30.44998 209.55002 30.7798 209.55002 31.17783 curveto
209.55002 44.27284 lineto
 closepath fill
 0 setgray
newpath 209.55002 45.77248 moveto
209.55002 59.6775 lineto
209.55002 60.10002 209.88144 60.44998 210.29984 60.44998 curveto
223.8002 60.44998 lineto
224.20647 60.44998 224.55002 60.75737 224.55002 61.15517 curveto
224.55002 73.84483 lineto
224.55002 74.24263 224.20647 74.55002 223.8002 74.55002 curveto
210.29984 74.55002 lineto
209.88579 74.55002 209.55002 74.88579 209.55002 75.29984 curveto
209.55002 88.8002 lineto
209.55002 89.20647 209.24263 89.55002 208.84483 89.55002 curveto
196.15517 89.55002 lineto
195.76149 89.55002 195.44998 89.2202 195.44998 88.82217 curveto
195.44998 75.72716 lineto
195.44998 74.25018 lineto
195.44998 60.74982 lineto
195.44998 59.25018 lineto
195.44998 45.74982 lineto
195.44998 44.27216 lineto
195.44998 31.17714 lineto
195.44998 30.77934 195.76172 30.44998 196.15517 30.44998 curveto
208.84483 30.44998 lineto
209.23851 30.44998 209.55002 30.7798 209.55002 31.17783 curveto
209.55002 44.27284 lineto
 closepath stroke
 0.9 0 0 setrgbcolor
newpath 104.22752 209.55002 moveto
90.3225 209.55002 lineto
89.89998 209.55002 89.55002 209.88144 89.55002 210.29984 curveto
89.55002 223.8002 lineto
89.55002 224.20647 89.24263 224.55002 88.84483 224.55002 curveto
76.15517 224.55002 lineto
75.75737 224.55002 75.44998 224.20647 75.44998 223.8002 curveto
75.44998 210.29984 lineto
75.44998 209.88579 75.11421 209.55002 74.70016 209.55002 curveto
61.1998 209.55002 lineto
60.79353 209.55002 60.44998 209.24263 60.44998 208.84483 curveto
60.44998 196.15517 lineto
60.44998 195.76149 60.7798 195.44998 61.17783 195.44998 curveto
74.27284 195.44998 lineto
75.74982 195.44998 lineto
89.25018 195.44998 lineto
90.74982 195.44998 lineto
104.25018 195.44998 lineto
105.72784 195.44998 lineto
118.82286 195.44998 lineto
119.22066 195.44998 119.55002 195.76172 119.55002 196.15517 curveto
119.55002 208.84483 lineto
119.55002 209.23851 119.2202 209.55002 118.82217 209.55002 curveto
105.72716 209.55002 lineto
 closepath fill
 0 setgray
newpath 104.22752 209.55002 moveto
90.3225 209.55002 lineto
89.89998 209.55002 89.55002 209.88144 89.55002 210.29984 curveto
89.55002 223.8002 lineto
89.55002 224.20647 89.24263 224.55002 88.84483 224.55002 curveto
76.15517 224.55002 lineto
75.75737 224.55002 75.44998 224.20647 75.44998 223.8002 curveto
75.44998 210.29984 lineto
75.44998 209.88579 75.11421 209.55002 74.70016 209.55002 curveto
61.1998 209.55002 lineto
60.79353 209.55002 60.44998 209.24263 60.44998 208.84483 curveto
60.44998 196.15517 lineto
60.44998 195.76149 60.7798 195.44998 61.17783 195.44998 curveto
74.27284 195.44998 lineto
75.74982 195.44998 lineto
89.25018 195.44998 lineto
90.74982 195.44998 lineto
104.25018 195.44998 lineto
105.72784 195.44998 lineto
118.82286 195.44998 lineto
119.22066 195.44998 119.55002 195.76172 119.55002 196.15517 curveto
119.55002 208.84483 lineto
119.55002 209.23851 119.2202 209.55002 118.82217 209.55002 curveto
105.72716 209.55002 lineto
 closepath stroke
 0.9 0 0 setrgbcolor
newpath 179.22752 209.55002 moveto
165.3225 209.55002 lineto
164.89998 209.55002 164.55002 209.88144 164.55002 210.29984 curveto
164.55002 223.8002 lineto
164.55002 224.20647 164.24263 224.55002 163.84483 224.55002 curveto
151.15517 224.55002 lineto
150.75737 224.55002 150.44998 224.20647 150.44998 223.8002 curveto
150.44998 210.29984 lineto
150.44998 209.88579 150.11421 209.55002 149.70016 209.55002 curveto
136.1998 209.55002 lineto
135.79353 209.55002 135.44998 209.24263 135.44998 208.84483 curveto
135.44998 196.15517 lineto
135.44998 195.76149 135.7798 195.44998 136.17783 195.44998 curveto
149.27284 195.44998 lineto
150.74982 195.44998 lineto
164.25018 195.44998 lineto
165.74982 195.44998 lineto
179.25018 195.44998 lineto
180.72784 195.44998 lineto
193.82286 195.44998 lineto
194.22066 195.44998 194.55002 195.76172 194.55002 196.15517 curveto
194.55002 208.84483 lineto
194.55002 209.23851 194.2202 209.55002 193.82217 209.55002 curveto
180.72716 209.55002 lineto
 closepath fill
 0 setgray
newpath 179.22752 209.55002 moveto
165.3225 209.55002 lineto
164.89998 209.55002 164.55002 209.88144 164.55002 210.29984 curveto
164.55002 223.8002 lineto
164.55002 224.20647 164.24263 224.55002 163.84483 224.55002 curveto
151.15517 224.55002 lineto
150.75737 224.55002 150.44998 224.20647 150.44998 223.8002 curveto
150.44998 210.29984 lineto
150.44998 209.88579 150.11421 209.55002 149.70016 209.55002 curveto
136.1998 209.55002 lineto
135.79353 209.55002 135.44998 209.24263 135.44998 208.84483 curveto
135.44998 196.15517 lineto
135.44998 195.76149 135.7798 195.44998 136.17783 195.44998 curveto
149.27284 195.44998 lineto
150.74982 195.44998 lineto
164.25018 195.44998 lineto
165.74982 195.44998 lineto
179.25018 195.44998 lineto
180.72784 195.44998 lineto
193.82286 195.44998 lineto
194.22066 195.44998 194.55002 195.76172 194.55002 196.15517 curveto
194.55002 208.84483 lineto
194.55002 209.23851 194.2202 209.55002 193.82217 209.55002 curveto
180.72716 209.55002 lineto
 closepath stroke
 1 1 0 setrgbcolor
newpath 104.22752 164.55002 moveto
90.3225 164.55002 lineto
89.89998 164.55002 89.55002 164.88144 89.55002 165.29984 curveto
89.55002 178.8002 lineto
89.55002 179.20647 89.24263 179.55002 88.84483 179.55002 curveto
76.15517 179.55002 lineto
75.75737 179.55002 75.44998 179.20647 75.44998 178.8002 curveto
75.44998 165.29984 lineto
75.44998 164.88579 75.11421 164.55002 74.70016 164.55002 curveto
61.1998 164.55002 lineto
60.79353 164.55002 60.44998 164.24263 60.44998 163.84483 curveto
60.44998 151.15517 lineto
60.44998 150.76149 60.7798 150.44998 61.17783 150.44998 curveto
74.27284 150.44998 lineto
75.74982 150.44998 lineto
89.25018 150.44998 lineto
90.74982 150.44998 lineto
104.25018 150.44998 lineto
105.72784 150.44998 lineto
118.82286 150.44998 lineto
119.22066 150.44998 119.55002 150.76172 119.55002 151.15517 curveto
119.55002 163.84483 lineto
119.55002 164.23851 119.2202 164.55002 118.82217 164.55002 curveto
105.72716 164.55002 lineto
 closepath fill
 0 setgray
newpath 104.22752 164.55002 moveto
90.3225 164.55002 lineto
89.89998 164.55002 89.55002 164.88144 89.55002 165.29984 curveto
89.55002 178.8002 lineto
89.55002 179.20647 89.24263 179.55002 88.84483 179.55002 curveto
76.15517 179.55002 lineto
75.75737 179.55002 75.44998 179.20647 75.44998 178.8002 curveto
75.44998 165.29984 lineto
75.44998 164.88579 75.11421 164.55002 74.70016 164.55002 curveto
61.1998 164.55002 lineto
60.79353 164.55002 60.44998 164.24263 60.44998 163.84483 curveto
60.44998 151.15517 lineto
60.44998 150.76149 60.7798 150.44998 61.17783 150.44998 curveto
74.27284 150.44998 lineto
75.74982 150.44998 lineto
89.25018 150.44998 lineto
90.74982 150.44998 lineto
104.25018 150.44998 lineto
105.72784 150.44998 lineto
118.82286 150.44998 lineto
119.22066 150.44998 119.55002 150.76172 119.55002 151.15517 curveto
119.55002 163.84483 lineto
119.55002 164.23851 119.2202 164.55002 118.82217 164.55002 curveto
105.72716 164.55002 lineto
 closepath stroke
 0.9 0 0 setrgbcolor
newpath 194.22752 164.55002 moveto
180.3225 164.55002 lineto
179.89998 164.55002 179.55002 164.88144 179.55002 165.29984 curveto
179.55002 178.8002 lineto
179.55002 179.20647 179.24263 179.55002 178.84483 179.55002 curveto
166.15517 179.55002 lineto
165.75737 179.55002 165.44998 179.20647 165.44998 178.8002 curveto
165.44998 165.29984 lineto
165.44998 164.88579 165.11421 164.55002 164.70016 164.55002 curveto
151.1998 164.55002 lineto
150.79353 164.55002 150.44998 164.24263 150.44998 163.84483 curveto
150.44998 151.15517 lineto
150.44998 150.76149 150.7798 150.44998 151.17783 150.44998 curveto
164.27284 150.44998 lineto
165.74982 150.44998 lineto
179.25018 150.44998 lineto
180.74982 150.44998 lineto
194.25018 150.44998 lineto
195.72784 150.44998 lineto
208.82286 150.44998 lineto
209.22066 150.44998 209.55002 150.76172 209.55002 151.15517 curveto
209.55002 163.84483 lineto
209.55002 164.23851 209.2202 164.55002 208.82217 164.55002 curveto
195.72716 164.55002 lineto
 closepath fill
 0 setgray
newpath 194.22752 164.55002 moveto
180.3225 164.55002 lineto
179.89998 164.55002 179.55002 164.88144 179.55002 165.29984 curveto
179.55002 178.8002 lineto
179.55002 179.20647 179.24263 179.55002 178.84483 179.55002 curveto
166.15517 179.55002 lineto
165.75737 179.55002 165.44998 179.20647 165.44998 178.8002 curveto
165.44998 165.29984 lineto
165.44998 164.88579 165.11421 164.55002 164.70016 164.55002 curveto
151.1998 164.55002 lineto
150.79353 164.55002 150.44998 164.24263 150.44998 163.84483 curveto
150.44998 151.15517 lineto
150.44998 150.76149 150.7798 150.44998 151.17783 150.44998 curveto
164.27284 150.44998 lineto
165.74982 150.44998 lineto
179.25018 150.44998 lineto
180.74982 150.44998 lineto
194.25018 150.44998 lineto
195.72784 150.44998 lineto
208.82286 150.44998 lineto
209.22066 150.44998 209.55002 150.76172 209.55002 151.15517 curveto
209.55002 163.84483 lineto
209.55002 164.23851 209.2202 164.55002 208.82217 164.55002 curveto
195.72716 164.55002 lineto
 closepath stroke
 1 1 0 setrgbcolor
newpath 89.22752 119.55002 moveto
75.3225 119.55002 lineto
74.89998 119.55002 74.55002 119.88144 74.55002 120.29984 curveto
74.55002 133.8002 lineto
74.55002 134.20647 74.24263 134.55002 73.84483 134.55002 curveto
61.15517 134.55002 lineto
60.75737 134.55002 60.44998 134.20647 60.44998 133.8002 curveto
60.44998 120.29984 lineto
60.44998 119.88579 60.11421 119.55002 59.70016 119.55002 curveto
46.1998 119.55002 lineto
45.79353 119.55002 45.44998 119.24263 45.44998 118.84483 curveto
45.44998 106.15517 lineto
45.44998 105.76149 45.7798 105.44998 46.17783 105.44998 curveto
59.27284 105.44998 lineto
60.74982 105.44998 lineto
74.25018 105.44998 lineto
75.74982 105.44998 lineto
89.25018 105.44998 lineto
90.72784 105.44998 lineto
103.82286 105.44998 lineto
104.22066 105.44998 104.55002 105.76172 104.55002 106.15517 curveto
104.55002 118.84483 lineto
104.55002 119.23851 104.2202 119.55002 103.82217 119.55002 curveto
90.72716 119.55002 lineto
 closepath fill
 0 setgray
newpath 89.22752 119.55002 moveto
75.3225 119.55002 lineto
74.89998 119.55002 74.55002 119.88144 74.55002 120.29984 curveto
74.55002 133.8002 lineto
74.55002 134.20647 74.24263 134.55002 73.84483 134.55002 curveto
61.15517 134.55002 lineto
60.75737 134.55002 60.44998 134.20647 60.44998 133.8002 curveto
60.44998 120.29984 lineto
60.44998 119.88579 60.11421 119.55002 59.70016 119.55002 curveto
46.1998 119.55002 lineto
45.79353 119.55002 45.44998 119.24263 45.44998 118.84483 curveto
45.44998 106.15517 lineto
45.44998 105.76149 45.7798 105.44998 46.17783 105.44998 curveto
59.27284 105.44998 lineto
60.74982 105.44998 lineto
74.25018 105.44998 lineto
75.74982 105.44998 lineto
89.25018 105.44998 lineto
90.72784 105.44998 lineto
103.82286 105.44998 lineto
104.22066 105.44998 104.55002 105.76172 104.55002 106.15517 curveto
104.55002 118.84483 lineto
104.55002 119.23851 104.2202 119.55002 103.82217 119.55002 curveto
90.72716 119.55002 lineto
 closepath stroke
 0 0.9 0 setrgbcolor
newpath 44.22752 89.55002 moveto
30.3225 89.55002 lineto
29.89998 89.55002 29.55002 89.88144 29.55002 90.29984 curveto
29.55002 103.8002 lineto
29.55002 104.20647 29.24263 104.55002 28.84483 104.55002 curveto
16.15517 104.55002 lineto
15.75737 104.55002 15.44998 104.20647 15.44998 103.8002 curveto
15.44998 90.29984 lineto
15.44998 89.88579 15.11421 89.55002 14.70016 89.55002 curveto
1.1998 89.55002 lineto
0.79353 89.55002 0.44998 89.24263 0.44998 88.84483 curveto
0.44998 76.15517 lineto
0.44998 75.76149 0.7798 75.44998 1.17783 75.44998 curveto
14.27284 75.44998 lineto
15.74982 75.44998 lineto
29.25018 75.44998 lineto
30.74982 75.44998 lineto
44.25018 75.44998 lineto
45.72784 75.44998 lineto
58.82286 75.44998 lineto
59.22066 75.44998 59.55002 75.76172 59.55002 76.15517 curveto
59.55002 88.84483 lineto
59.55002 89.23851 59.2202 89.55002 58.82217 89.55002 curveto
45.72716 89.55002 lineto
 closepath fill
 0 setgray
newpath 44.22752 89.55002 moveto
30.3225 89.55002 lineto
29.89998 89.55002 29.55002 89.88144 29.55002 90.29984 curveto
29.55002 103.8002 lineto
29.55002 104.20647 29.24263 104.55002 28.84483 104.55002 curveto
16.15517 104.55002 lineto
15.75737 104.55002 15.44998 104.20647 15.44998 103.8002 curveto
15.44998 90.29984 lineto
15.44998 89.88579 15.11421 89.55002 14.70016 89.55002 curveto
1.1998 89.55002 lineto
0.79353 89.55002 0.44998 89.24263 0.44998 88.84483 curveto
0.44998 76.15517 lineto
0.44998 75.76149 0.7798 75.44998 1.17783 75.44998 curveto
14.27284 75.44998 lineto
15.74982 75.44998 lineto
29.25018 75.44998 lineto
30.74982 75.44998 lineto
44.25018 75.44998 lineto
45.72784 75.44998 lineto
58.82286 75.44998 lineto
59.22066 75.44998 59.55002 75.76172 59.55002 76.15517 curveto
59.55002 88.84483 lineto
59.55002 89.23851 59.2202 89.55002 58.82217 89.55002 curveto
45.72716 89.55002 lineto
 closepath stroke
 0 0 0.9 setrgbcolor
newpath 59.22752 44.55002 moveto
45.3225 44.55002 lineto
44.89998 44.55002 44.55002 44.88144 44.55002 45.29984 curveto
44.55002 58.8002 lineto
44.55002 59.20647 44.24263 59.55002 43.84483 59.55002 curveto
31.15517 59.55002 lineto
30.75737 59.55002 30.44998 59.20647 30.44998 58.8002 curveto
30.44998 45.29984 lineto
30.44998 44.88579 30.11421 44.55002 29.70016 44.55002 curveto
16.1998 44.55002 lineto
15.79353 44.55002 15.44998 44.24263 15.44998 43.84483 curveto
15.44998 31.15517 lineto
15.44998 30.76149 15.7798 30.44998 16.17783 30.44998 curveto
29.27284 30.44998 lineto
30.74982 30.44998 lineto
44.25018 30.44998 lineto
45.74982 30.44998 lineto
59.25018 30.44998 lineto
60.72784 30.44998 lineto
73.82286 30.44998 lineto
74.22066 30.44998 74.55002 30.76172 74.55002 31.15517 curveto
74.55002 43.84483 lineto
74.55002 44.23851 74.2202 44.55002 73.82217 44.55002 curveto
60.72716 44.55002 lineto
 closepath fill
 0 setgray
newpath 59.22752 44.55002 moveto
45.3225 44.55002 lineto
44.89998 44.55002 44.55002 44.88144 44.55002 45.29984 curveto
44.55002 58.8002 lineto
44.55002 59.20647 44.24263 59.55002 43.84483 59.55002 curveto
31.15517 59.55002 lineto
30.75737 59.55002 30.44998 59.20647 30.44998 58.8002 curveto
30.44998 45.29984 lineto
30.44998 44.88579 30.11421 44.55002 29.70016 44.55002 curveto
16.1998 44.55002 lineto
15.79353 44.55002 15.44998 44.24263 15.44998 43.84483 curveto
15.44998 31.15517 lineto
15.44998 30.76149 15.7798 30.44998 16.17783 30.44998 curveto
29.27284 30.44998 lineto
30.74982 30.44998 lineto
44.25018 30.44998 lineto
45.74982 30.44998 lineto
59.25018 30.44998 lineto
60.72784 30.44998 lineto
73.82286 30.44998 lineto
74.22066 30.44998 74.55002 30.76172 74.55002 31.15517 curveto
74.55002 43.84483 lineto
74.55002 44.23851 74.2202 44.55002 73.82217 44.55002 curveto
60.72716 44.55002 lineto
 closepath stroke
 0 0.9 0 setrgbcolor
newpath 44.22752 14.55002 moveto
30.3225 14.55002 lineto
29.89998 14.55002 29.55002 14.88144 29.55002 15.29984 curveto
29.55002 28.8002 lineto
29.55002 29.20647 29.24263 29.55002 28.84483 29.55002 curveto
16.15517 29.55002 lineto
15.75737 29.55002 15.44998 29.20647 15.44998 28.8002 curveto
15.44998 15.29984 lineto
15.44998 14.88579 15.11421 14.55002 14.70016 14.55002 curveto
1.1998 14.55002 lineto
0.79353 14.55002 0.44998 14.24263 0.44998 13.84483 curveto
0.44998 1.15517 lineto
0.44998 0.76149 0.7798 0.44998 1.17783 0.44998 curveto
14.27284 0.44998 lineto
15.74982 0.44998 lineto
29.25018 0.44998 lineto
30.74982 0.44998 lineto
44.25018 0.44998 lineto
45.72784 0.44998 lineto
58.82286 0.44998 lineto
59.22066 0.44998 59.55002 0.76172 59.55002 1.15517 curveto
59.55002 13.84483 lineto
59.55002 14.23851 59.2202 14.55002 58.82217 14.55002 curveto
45.72716 14.55002 lineto
 closepath fill
 0 setgray
newpath 44.22752 14.55002 moveto
30.3225 14.55002 lineto
29.89998 14.55002 29.55002 14.88144 29.55002 15.29984 curveto
29.55002 28.8002 lineto
29.55002 29.20647 29.24263 29.55002 28.84483 29.55002 curveto
16.15517 29.55002 lineto
15.75737 29.55002 15.44998 29.20647 15.44998 28.8002 curveto
15.44998 15.29984 lineto
15.44998 14.88579 15.11421 14.55002 14.70016 14.55002 curveto
1.1998 14.55002 lineto
0.79353 14.55002 0.44998 14.24263 0.44998 13.84483 curveto
0.44998 1.15517 lineto
0.44998 0.76149 0.7798 0.44998 1.17783 0.44998 curveto
14.27284 0.44998 lineto
15.74982 0.44998 lineto
29.25018 0.44998 lineto
30.74982 0.44998 lineto
44.25018 0.44998 lineto
45.72784 0.44998 lineto
58.82286 0.44998 lineto
59.22066 0.44998 59.55002 0.76172 59.55002 1.15517 curveto
59.55002 13.84483 lineto
59.55002 14.23851 59.2202 14.55002 58.82217 14.55002 curveto
45.72716 14.55002 lineto
 closepath stroke
 0 0 0.9 setrgbcolor
newpath 194.22752 14.55002 moveto
180.3225 14.55002 lineto
179.89998 14.55002 179.55002 14.88144 179.55002 15.29984 curveto
179.55002 28.8002 lineto
179.55002 29.20647 179.24263 29.55002 178.84483 29.55002 curveto
166.15517 29.55002 lineto
165.75737 29.55002 165.44998 29.20647 165.44998 28.8002 curveto
165.44998 15.29984 lineto
165.44998 14.88579 165.11421 14.55002 164.70016 14.55002 curveto
151.1998 14.55002 lineto
150.79353 14.55002 150.44998 14.24263 150.44998 13.84483 curveto
150.44998 1.15517 lineto
150.44998 0.76149 150.7798 0.44998 151.17783 0.44998 curveto
164.27284 0.44998 lineto
165.74982 0.44998 lineto
179.25018 0.44998 lineto
180.74982 0.44998 lineto
194.25018 0.44998 lineto
195.72784 0.44998 lineto
208.82286 0.44998 lineto
209.22066 0.44998 209.55002 0.76172 209.55002 1.15517 curveto
209.55002 13.84483 lineto
209.55002 14.23851 209.2202 14.55002 208.82217 14.55002 curveto
195.72716 14.55002 lineto
 closepath fill
 0 setgray
newpath 194.22752 14.55002 moveto
180.3225 14.55002 lineto
179.89998 14.55002 179.55002 14.88144 179.55002 15.29984 curveto
179.55002 28.8002 lineto
179.55002 29.20647 179.24263 29.55002 178.84483 29.55002 curveto
166.15517 29.55002 lineto
165.75737 29.55002 165.44998 29.20647 165.44998 28.8002 curveto
165.44998 15.29984 lineto
165.44998 14.88579 165.11421 14.55002 164.70016 14.55002 curveto
151.1998 14.55002 lineto
150.79353 14.55002 150.44998 14.24263 150.44998 13.84483 curveto
150.44998 1.15517 lineto
150.44998 0.76149 150.7798 0.44998 151.17783 0.44998 curveto
164.27284 0.44998 lineto
165.74982 0.44998 lineto
179.25018 0.44998 lineto
180.74982 0.44998 lineto
194.25018 0.44998 lineto
195.72784 0.44998 lineto
208.82286 0.44998 lineto
209.22066 0.44998 209.55002 0.76172 209.55002 1.15517 curveto
209.55002 13.84483 lineto
209.55002 14.23851 209.2202 14.55002 208.82217 14.55002 curveto
195.72716 14.55002 lineto
 closepath stroke
 1 1 0 setrgbcolor
newpath 75.44998 74.22752 moveto
75.44998 60.3225 lineto
75.44998 59.89998 75.11856 59.55002 74.70016 59.55002 curveto
61.1998 59.55002 lineto
60.79353 59.55002 60.44998 59.24263 60.44998 58.84483 curveto
60.44998 46.15517 lineto
60.44998 45.75737 60.79353 45.44998 61.1998 45.44998 curveto
74.70016 45.44998 lineto
75.11421 45.44998 75.44998 45.11421 75.44998 44.70016 curveto
75.44998 31.1998 lineto
75.44998 30.79353 75.75737 30.44998 76.15517 30.44998 curveto
88.84483 30.44998 lineto
89.23851 30.44998 89.55002 30.7798 89.55002 31.17783 curveto
89.55002 44.27284 lineto
89.55002 45.74982 lineto
89.55002 59.25018 lineto
89.55002 60.74982 lineto
89.55002 74.25018 lineto
89.55002 75.72784 lineto
89.55002 88.82286 lineto
89.55002 89.22066 89.23828 89.55002 88.84483 89.55002 curveto
76.15517 89.55002 lineto
75.76149 89.55002 75.44998 89.2202 75.44998 88.82217 curveto
75.44998 75.72716 lineto
 closepath fill
 0 setgray
newpath 75.44998 74.22752 moveto
75.44998 60.3225 lineto
75.44998 59.89998 75.11856 59.55002 74.70016 59.55002 curveto
61.1998 59.55002 lineto
60.79353 59.55002 60.44998 59.24263 60.44998 58.84483 curveto
60.44998 46.15517 lineto
60.44998 45.75737 60.79353 45.44998 61.1998 45.44998 curveto
74.70016 45.44998 lineto
75.11421 45.44998 75.44998 45.11421 75.44998 44.70016 curveto
75.44998 31.1998 lineto
75.44998 30.79353 75.75737 30.44998 76.15517 30.44998 curveto
88.84483 30.44998 lineto
89.23851 30.44998 89.55002 30.7798 89.55002 31.17783 curveto
89.55002 44.27284 lineto
89.55002 45.74982 lineto
89.55002 59.25018 lineto
89.55002 60.74982 lineto
89.55002 74.25018 lineto
89.55002 75.72784 lineto
89.55002 88.82286 lineto
89.55002 89.22066 89.23828 89.55002 88.84483 89.55002 curveto
76.15517 89.55002 lineto
75.76149 89.55002 75.44998 89.2202 75.44998 88.82217 curveto
75.44998 75.72716 lineto
 closepath stroke
 0 0.9 0 setrgbcolor
newpath 105.44998 104.22752 moveto
105.44998 90.3225 lineto
105.44998 89.89998 105.11856 89.55002 104.70016 89.55002 curveto
91.1998 89.55002 lineto
90.79353 89.55002 90.44998 89.24263 90.44998 88.84483 curveto
90.44998 76.15517 lineto
90.44998 75.75737 90.79353 75.44998 91.1998 75.44998 curveto
104.70016 75.44998 lineto
105.11421 75.44998 105.44998 75.11421 105.44998 74.70016 curveto
105.44998 61.1998 lineto
105.44998 60.79353 105.75737 60.44998 106.15517 60.44998 curveto
118.84483 60.44998 lineto
119.23851 60.44998 119.55002 60.7798 119.55002 61.17783 curveto
119.55002 74.27284 lineto
119.55002 75.74982 lineto
119.55002 89.25018 lineto
119.55002 90.74982 lineto
119.55002 104.25018 lineto
119.55002 105.72784 lineto
119.55002 118.82286 lineto
119.55002 119.22066 119.23828 119.55002 118.84483 119.55002 curveto
106.15517 119.55002 lineto
105.76149 119.55002 105.44998 119.2202 105.44998 118.82217 curveto
105.44998 105.72716 lineto
 closepath fill
 0 setgray
newpath 105.44998 104.22752 moveto
105.44998 90.3225 lineto
105.44998 89.89998 105.11856 89.55002 104.70016 89.55002 curveto
91.1998 89.55002 lineto
90.79353 89.55002 90.44998 89.24263 90.44998 88.84483 curveto
90.44998 76.15517 lineto
90.44998 75.75737 90.79353 75.44998 91.1998 75.44998 curveto
104.70016 75.44998 lineto
105.11421 75.44998 105.44998 75.11421 105.44998 74.70016 curveto
105.44998 61.1998 lineto
105.44998 60.79353 105.75737 60.44998 106.15517 60.44998 curveto
118.84483 60.44998 lineto
119.23851 60.44998 119.55002 60.7798 119.55002 61.17783 curveto
119.55002 74.27284 lineto
119.55002 75.74982 lineto
119.55002 89.25018 lineto
119.55002 90.74982 lineto
119.55002 104.25018 lineto
119.55002 105.72784 lineto
119.55002 118.82286 lineto
119.55002 119.22066 119.23828 119.55002 118.84483 119.55002 curveto
106.15517 119.55002 lineto
105.76149 119.55002 105.44998 119.2202 105.44998 118.82217 curveto
105.44998 105.72716 lineto
 closepath stroke
 1 1 0 setrgbcolor
newpath 120.44998 74.22752 moveto
120.44998 60.3225 lineto
120.44998 59.89998 120.11856 59.55002 119.70016 59.55002 curveto
106.1998 59.55002 lineto
105.79353 59.55002 105.44998 59.24263 105.44998 58.84483 curveto
105.44998 46.15517 lineto
105.44998 45.75737 105.79353 45.44998 106.1998 45.44998 curveto
119.70016 45.44998 lineto
120.11421 45.44998 120.44998 45.11421 120.44998 44.70016 curveto
120.44998 31.1998 lineto
120.44998 30.79353 120.75737 30.44998 121.15517 30.44998 curveto
133.84483 30.44998 lineto
134.23851 30.44998 134.55002 30.7798 134.55002 31.17783 curveto
134.55002 44.27284 lineto
134.55002 45.74982 lineto
134.55002 59.25018 lineto
134.55002 60.74982 lineto
134.55002 74.25018 lineto
134.55002 75.72784 lineto
134.55002 88.82286 lineto
134.55002 89.22066 134.23828 89.55002 133.84483 89.55002 curveto
121.15517 89.55002 lineto
120.76149 89.55002 120.44998 89.2202 120.44998 88.82217 curveto
120.44998 75.72716 lineto
 closepath fill
 0 setgray
newpath 120.44998 74.22752 moveto
120.44998 60.3225 lineto
120.44998 59.89998 120.11856 59.55002 119.70016 59.55002 curveto
106.1998 59.55002 lineto
105.79353 59.55002 105.44998 59.24263 105.44998 58.84483 curveto
105.44998 46.15517 lineto
105.44998 45.75737 105.79353 45.44998 106.1998 45.44998 curveto
119.70016 45.44998 lineto
120.11421 45.44998 120.44998 45.11421 120.44998 44.70016 curveto
120.44998 31.1998 lineto
120.44998 30.79353 120.75737 30.44998 121.15517 30.44998 curveto
133.84483 30.44998 lineto
134.23851 30.44998 134.55002 30.7798 134.55002 31.17783 curveto
134.55002 44.27284 lineto
134.55002 45.74982 lineto
134.55002 59.25018 lineto
134.55002 60.74982 lineto
134.55002 74.25018 lineto
134.55002 75.72784 lineto
134.55002 88.82286 lineto
134.55002 89.22066 134.23828 89.55002 133.84483 89.55002 curveto
121.15517 89.55002 lineto
120.76149 89.55002 120.44998 89.2202 120.44998 88.82217 curveto
120.44998 75.72716 lineto
 closepath stroke
 0.9 0 0 setrgbcolor
newpath 135.44998 44.22752 moveto
135.44998 30.3225 lineto
135.44998 29.89998 135.11856 29.55002 134.70016 29.55002 curveto
121.1998 29.55002 lineto
120.79353 29.55002 120.44998 29.24263 120.44998 28.84483 curveto
120.44998 16.15517 lineto
120.44998 15.75737 120.79353 15.44998 121.1998 15.44998 curveto
134.70016 15.44998 lineto
135.11421 15.44998 135.44998 15.11421 135.44998 14.70016 curveto
135.44998 1.1998 lineto
135.44998 0.79353 135.75737 0.44998 136.15517 0.44998 curveto
148.84483 0.44998 lineto
149.23851 0.44998 149.55002 0.7798 149.55002 1.17783 curveto
149.55002 14.27284 lineto
149.55002 15.74982 lineto
149.55002 29.25018 lineto
149.55002 30.74982 lineto
149.55002 44.25018 lineto
149.55002 45.72784 lineto
149.55002 58.82286 lineto
149.55002 59.22066 149.23828 59.55002 148.84483 59.55002 curveto
136.15517 59.55002 lineto
135.76149 59.55002 135.44998 59.2202 135.44998 58.82217 curveto
135.44998 45.72716 lineto
 closepath fill
 0 setgray
newpath 135.44998 44.22752 moveto
135.44998 30.3225 lineto
135.44998 29.89998 135.11856 29.55002 134.70016 29.55002 curveto
121.1998 29.55002 lineto
120.79353 29.55002 120.44998 29.24263 120.44998 28.84483 curveto
120.44998 16.15517 lineto
120.44998 15.75737 120.79353 15.44998 121.1998 15.44998 curveto
134.70016 15.44998 lineto
135.11421 15.44998 135.44998 15.11421 135.44998 14.70016 curveto
135.44998 1.1998 lineto
135.44998 0.79353 135.75737 0.44998 136.15517 0.44998 curveto
148.84483 0.44998 lineto
149.23851 0.44998 149.55002 0.7798 149.55002 1.17783 curveto
149.55002 14.27284 lineto
149.55002 15.74982 lineto
149.55002 29.25018 lineto
149.55002 30.74982 lineto
149.55002 44.25018 lineto
149.55002 45.72784 lineto
149.55002 58.82286 lineto
149.55002 59.22066 149.23828 59.55002 148.84483 59.55002 curveto
136.15517 59.55002 lineto
135.76149 59.55002 135.44998 59.2202 135.44998 58.82217 curveto
135.44998 45.72716 lineto
 closepath stroke
 1 1 0 setrgbcolor
newpath 165.44998 104.22752 moveto
165.44998 90.3225 lineto
165.44998 89.89998 165.11856 89.55002 164.70016 89.55002 curveto
151.1998 89.55002 lineto
150.79353 89.55002 150.44998 89.24263 150.44998 88.84483 curveto
150.44998 76.15517 lineto
150.44998 75.75737 150.79353 75.44998 151.1998 75.44998 curveto
164.70016 75.44998 lineto
165.11421 75.44998 165.44998 75.11421 165.44998 74.70016 curveto
165.44998 61.1998 lineto
165.44998 60.79353 165.75737 60.44998 166.15517 60.44998 curveto
178.84483 60.44998 lineto
179.23851 60.44998 179.55002 60.7798 179.55002 61.17783 curveto
179.55002 74.27284 lineto
179.55002 75.74982 lineto
179.55002 89.25018 lineto
179.55002 90.74982 lineto
179.55002 104.25018 lineto
179.55002 105.72784 lineto
179.55002 118.82286 lineto
179.55002 119.22066 179.23828 119.55002 178.84483 119.55002 curveto
166.15517 119.55002 lineto
165.76149 119.55002 165.44998 119.2202 165.44998 118.82217 curveto
165.44998 105.72716 lineto
 closepath fill
 0 setgray
newpath 165.44998 104.22752 moveto
165.44998 90.3225 lineto
165.44998 89.89998 165.11856 89.55002 164.70016 89.55002 curveto
151.1998 89.55002 lineto
150.79353 89.55002 150.44998 89.24263 150.44998 88.84483 curveto
150.44998 76.15517 lineto
150.44998 75.75737 150.79353 75.44998 151.1998 75.44998 curveto
164.70016 75.44998 lineto
165.11421 75.44998 165.44998 75.11421 165.44998 74.70016 curveto
165.44998 61.1998 lineto
165.44998 60.79353 165.75737 60.44998 166.15517 60.44998 curveto
178.84483 60.44998 lineto
179.23851 60.44998 179.55002 60.7798 179.55002 61.17783 curveto
179.55002 74.27284 lineto
179.55002 75.74982 lineto
179.55002 89.25018 lineto
179.55002 90.74982 lineto
179.55002 104.25018 lineto
179.55002 105.72784 lineto
179.55002 118.82286 lineto
179.55002 119.22066 179.23828 119.55002 178.84483 119.55002 curveto
166.15517 119.55002 lineto
165.76149 119.55002 165.44998 119.2202 165.44998 118.82217 curveto
165.44998 105.72716 lineto
 closepath stroke
 0.9 0 0 setrgbcolor
newpath 180.44998 59.22752 moveto
180.44998 45.3225 lineto
180.44998 44.89998 180.11856 44.55002 179.70016 44.55002 curveto
166.1998 44.55002 lineto
165.79353 44.55002 165.44998 44.24263 165.44998 43.84483 curveto
165.44998 31.15517 lineto
165.44998 30.75737 165.79353 30.44998 166.1998 30.44998 curveto
179.70016 30.44998 lineto
180.11421 30.44998 180.44998 30.11421 180.44998 29.70016 curveto
180.44998 16.1998 lineto
180.44998 15.79353 180.75737 15.44998 181.15517 15.44998 curveto
193.84483 15.44998 lineto
194.23851 15.44998 194.55002 15.7798 194.55002 16.17783 curveto
194.55002 29.27284 lineto
194.55002 30.74982 lineto
194.55002 44.25018 lineto
194.55002 45.74982 lineto
194.55002 59.25018 lineto
194.55002 60.72784 lineto
194.55002 73.82286 lineto
194.55002 74.22066 194.23828 74.55002 193.84483 74.55002 curveto
181.15517 74.55002 lineto
180.76149 74.55002 180.44998 74.2202 180.44998 73.82217 curveto
180.44998 60.72716 lineto
 closepath fill
 0 setgray
newpath 180.44998 59.22752 moveto
180.44998 45.3225 lineto
180.44998 44.89998 180.11856 44.55002 179.70016 44.55002 curveto
166.1998 44.55002 lineto
165.79353 44.55002 165.44998 44.24263 165.44998 43.84483 curveto
165.44998 31.15517 lineto
165.44998 30.75737 165.79353 30.44998 166.1998 30.44998 curveto
179.70016 30.44998 lineto
180.11421 30.44998 180.44998 30.11421 180.44998 29.70016 curveto
180.44998 16.1998 lineto
180.44998 15.79353 180.75737 15.44998 181.15517 15.44998 curveto
193.84483 15.44998 lineto
194.23851 15.44998 194.55002 15.7798 194.55002 16.17783 curveto
194.55002 29.27284 lineto
194.55002 30.74982 lineto
194.55002 44.25018 lineto
194.55002 45.74982 lineto
194.55002 59.25018 lineto
194.55002 60.72784 lineto
194.55002 73.82286 lineto
194.55002 74.22066 194.23828 74.55002 193.84483 74.55002 curveto
181.15517 74.55002 lineto
180.76149 74.55002 180.44998 74.2202 180.44998 73.82217 curveto
180.44998 60.72716 lineto
 closepath stroke
 0 0 0.9 setrgbcolor
newpath 210.44998 194.22752 moveto
210.44998 180.3225 lineto
210.44998 179.89998 210.11856 179.55002 209.70016 179.55002 curveto
196.1998 179.55002 lineto
195.79353 179.55002 195.44998 179.24263 195.44998 178.84483 curveto
195.44998 166.15517 lineto
195.44998 165.75737 195.79353 165.44998 196.1998 165.44998 curveto
209.70016 165.44998 lineto
210.11421 165.44998 210.44998 165.11421 210.44998 164.70016 curveto
210.44998 151.1998 lineto
210.44998 150.79353 210.75737 150.44998 211.15517 150.44998 curveto
223.84483 150.44998 lineto
224.23851 150.44998 224.55002 150.7798 224.55002 151.17783 curveto
224.55002 164.27284 lineto
224.55002 165.74982 lineto
224.55002 179.25018 lineto
224.55002 180.74982 lineto
224.55002 194.25018 lineto
224.55002 195.72784 lineto
224.55002 208.82286 lineto
224.55002 209.22066 224.23828 209.55002 223.84483 209.55002 curveto
211.15517 209.55002 lineto
210.76149 209.55002 210.44998 209.2202 210.44998 208.82217 curveto
210.44998 195.72716 lineto
 closepath fill
 0 setgray
newpath 210.44998 194.22752 moveto
210.44998 180.3225 lineto
210.44998 179.89998 210.11856 179.55002 209.70016 179.55002 curveto
196.1998 179.55002 lineto
195.79353 179.55002 195.44998 179.24263 195.44998 178.84483 curveto
195.44998 166.15517 lineto
195.44998 165.75737 195.79353 165.44998 196.1998 165.44998 curveto
209.70016 165.44998 lineto
210.11421 165.44998 210.44998 165.11421 210.44998 164.70016 curveto
210.44998 151.1998 lineto
210.44998 150.79353 210.75737 150.44998 211.15517 150.44998 curveto
223.84483 150.44998 lineto
224.23851 150.44998 224.55002 150.7798 224.55002 151.17783 curveto
224.55002 164.27284 lineto
224.55002 165.74982 lineto
224.55002 179.25018 lineto
224.55002 180.74982 lineto
224.55002 194.25018 lineto
224.55002 195.72784 lineto
224.55002 208.82286 lineto
224.55002 209.22066 224.23828 209.55002 223.84483 209.55002 curveto
211.15517 209.55002 lineto
210.76149 209.55002 210.44998 209.2202 210.44998 208.82217 curveto
210.44998 195.72716 lineto
 closepath stroke
 0.9 0 0 setrgbcolor
newpath 210.44998 119.22752 moveto
210.44998 105.3225 lineto
210.44998 104.89998 210.11856 104.55002 209.70016 104.55002 curveto
196.1998 104.55002 lineto
195.79353 104.55002 195.44998 104.24263 195.44998 103.84483 curveto
195.44998 91.15517 lineto
195.44998 90.75737 195.79353 90.44998 196.1998 90.44998 curveto
209.70016 90.44998 lineto
210.11421 90.44998 210.44998 90.11421 210.44998 89.70016 curveto
210.44998 76.1998 lineto
210.44998 75.79353 210.75737 75.44998 211.15517 75.44998 curveto
223.84483 75.44998 lineto
224.23851 75.44998 224.55002 75.7798 224.55002 76.17783 curveto
224.55002 89.27284 lineto
224.55002 90.74982 lineto
224.55002 104.25018 lineto
224.55002 105.74982 lineto
224.55002 119.25018 lineto
224.55002 120.72784 lineto
224.55002 133.82286 lineto
224.55002 134.22066 224.23828 134.55002 223.84483 134.55002 curveto
211.15517 134.55002 lineto
210.76149 134.55002 210.44998 134.2202 210.44998 133.82217 curveto
210.44998 120.72716 lineto
 closepath fill
 0 setgray
newpath 210.44998 119.22752 moveto
210.44998 105.3225 lineto
210.44998 104.89998 210.11856 104.55002 209.70016 104.55002 curveto
196.1998 104.55002 lineto
195.79353 104.55002 195.44998 104.24263 195.44998 103.84483 curveto
195.44998 91.15517 lineto
195.44998 90.75737 195.79353 90.44998 196.1998 90.44998 curveto
209.70016 90.44998 lineto
210.11421 90.44998 210.44998 90.11421 210.44998 89.70016 curveto
210.44998 76.1998 lineto
210.44998 75.79353 210.75737 75.44998 211.15517 75.44998 curveto
223.84483 75.44998 lineto
224.23851 75.44998 224.55002 75.7798 224.55002 76.17783 curveto
224.55002 89.27284 lineto
224.55002 90.74982 lineto
224.55002 104.25018 lineto
224.55002 105.74982 lineto
224.55002 119.25018 lineto
224.55002 120.72784 lineto
224.55002 133.82286 lineto
224.55002 134.22066 224.23828 134.55002 223.84483 134.55002 curveto
211.15517 134.55002 lineto
210.76149 134.55002 210.44998 134.2202 210.44998 133.82217 curveto
210.44998 120.72716 lineto
 closepath stroke
 0 0.9 0 setrgbcolor
newpath 210.44998 44.22752 moveto
210.44998 30.3225 lineto
210.44998 29.89998 210.11856 29.55002 209.70016 29.55002 curveto
196.1998 29.55002 lineto
195.79353 29.55002 195.44998 29.24263 195.44998 28.84483 curveto
195.44998 16.15517 lineto
195.44998 15.75737 195.79353 15.44998 196.1998 15.44998 curveto
209.70016 15.44998 lineto
210.11421 15.44998 210.44998 15.11421 210.44998 14.70016 curveto
210.44998 1.1998 lineto
210.44998 0.79353 210.75737 0.44998 211.15517 0.44998 curveto
223.84483 0.44998 lineto
224.23851 0.44998 224.55002 0.7798 224.55002 1.17783 curveto
224.55002 14.27284 lineto
224.55002 15.74982 lineto
224.55002 29.25018 lineto
224.55002 30.74982 lineto
224.55002 44.25018 lineto
224.55002 45.72784 lineto
224.55002 58.82286 lineto
224.55002 59.22066 224.23828 59.55002 223.84483 59.55002 curveto
211.15517 59.55002 lineto
210.76149 59.55002 210.44998 59.2202 210.44998 58.82217 curveto
210.44998 45.72716 lineto
 closepath fill
 0 setgray
newpath 210.44998 44.22752 moveto
210.44998 30.3225 lineto
210.44998 29.89998 210.11856 29.55002 209.70016 29.55002 curveto
196.1998 29.55002 lineto
195.79353 29.55002 195.44998 29.24263 195.44998 28.84483 curveto
195.44998 16.15517 lineto
195.44998 15.75737 195.79353 15.44998 196.1998 15.44998 curveto
209.70016 15.44998 lineto
210.11421 15.44998 210.44998 15.11421 210.44998 14.70016 curveto
210.44998 1.1998 lineto
210.44998 0.79353 210.75737 0.44998 211.15517 0.44998 curveto
223.84483 0.44998 lineto
224.23851 0.44998 224.55002 0.7798 224.55002 1.17783 curveto
224.55002 14.27284 lineto
224.55002 15.74982 lineto
224.55002 29.25018 lineto
224.55002 30.74982 lineto
224.55002 44.25018 lineto
224.55002 45.72784 lineto
224.55002 58.82286 lineto
224.55002 59.22066 224.23828 59.55002 223.84483 59.55002 curveto
211.15517 59.55002 lineto
210.76149 59.55002 210.44998 59.2202 210.44998 58.82217 curveto
210.44998 45.72716 lineto
 closepath stroke
newpath -0.44998 15.74982 moveto
-0.44998 29.25018 lineto
-0.44998 30.74982 lineto
-0.44998 44.25018 lineto
-0.44998 45.74982 lineto
-0.44998 59.25018 lineto
-0.44998 60.74982 lineto
-0.44998 74.25018 lineto
-0.44998 75.74982 lineto
-0.44998 89.25018 lineto
-0.44998 90.74982 lineto
-0.44998 104.25018 lineto
-0.44998 105.74982 lineto
-0.44998 119.25018 lineto
-0.44998 120.74982 lineto
-0.44998 134.25018 lineto
-0.44998 135.74982 lineto
-0.44998 149.25018 lineto
-0.44998 150.74982 lineto
-0.44998 164.25018 lineto
-0.44998 165.74982 lineto
-0.44998 179.25018 lineto
-0.44998 180.74982 lineto
-0.44998 194.25018 lineto
-0.44998 195.74982 lineto
-0.44998 209.25018 lineto
-0.44998 210.77248 lineto
-0.44998 224.6775 lineto
-0.44998 225.10414 -0.10414 225.44998 0.3225 225.44998 curveto
14.22752 225.44998 lineto
15.74982 225.44998 lineto
29.25018 225.44998 lineto
30.74982 225.44998 lineto
44.25018 225.44998 lineto
45.74982 225.44998 lineto
59.25018 225.44998 lineto
60.74982 225.44998 lineto
74.25018 225.44998 lineto
75.74982 225.44998 lineto
89.25018 225.44998 lineto
90.74982 225.44998 lineto
104.25018 225.44998 lineto
105.74982 225.44998 lineto
119.25018 225.44998 lineto
120.74982 225.44998 lineto
134.25018 225.44998 lineto
135.74982 225.44998 lineto
149.25018 225.44998 lineto
150.74982 225.44998 lineto
164.25018 225.44998 lineto
165.74982 225.44998 lineto
179.25018 225.44998 lineto
180.74982 225.44998 lineto
194.25018 225.44998 lineto
195.74982 225.44998 lineto
209.25018 225.44998 lineto
210.77248 225.44998 lineto
224.6775 225.44998 lineto
225.10414 225.44998 225.44998 225.10414 225.44998 224.6775 curveto
225.44998 210.77248 lineto
225.44998 209.25018 lineto
225.44998 195.74982 lineto
225.44998 194.25018 lineto
225.44998 180.74982 lineto
225.44998 179.25018 lineto
225.44998 165.74982 lineto
225.44998 164.25018 lineto
225.44998 150.74982 lineto
225.44998 149.25018 lineto
225.44998 135.74982 lineto
225.44998 134.25018 lineto
225.44998 120.74982 lineto
225.44998 119.25018 lineto
225.44998 105.74982 lineto
225.44998 104.25018 lineto
225.44998 90.74982 lineto
225.44998 89.25018 lineto
225.44998 75.74982 lineto
225.44998 74.25018 lineto
225.44998 60.74982 lineto
225.44998 59.25018 lineto
225.44998 45.74982 lineto
225.44998 44.25018 lineto
225.44998 30.74982 lineto
225.44998 29.25018 lineto
225.44998 15.74982 lineto
225.44998 14.22752 lineto
225.44998 0.3225 lineto
225.44998 -0.10414 225.10414 -0.44998 224.6775 -0.44998 curveto
210.77248 -0.44998 lineto
209.25018 -0.44998 lineto
195.74982 -0.44998 lineto
194.25018 -0.44998 lineto
180.74982 -0.44998 lineto
179.25018 -0.44998 lineto
165.74982 -0.44998 lineto
164.25018 -0.44998 lineto
150.74982 -0.44998 lineto
149.25018 -0.44998 lineto
135.74982 -0.44998 lineto
134.25018 -0.44998 lineto
120.74982 -0.44998 lineto
119.25018 -0.44998 lineto
105.74982 -0.44998 lineto
104.25018 -0.44998 lineto
90.74982 -0.44998 lineto
89.25018 -0.44998 lineto
75.74982 -0.44998 lineto
74.25018 -0.44998 lineto
60.74982 -0.44998 lineto
59.25018 -0.44998 lineto
45.74982 -0.44998 lineto
44.25018 -0.44998 lineto
30.74982 -0.44998 lineto
29.25018 -0.44998 lineto
15.74982 -0.44998 lineto
14.22752 -0.44998 lineto
0.3225 -0.44998 lineto
-0.10414 -0.44998 -0.44998 -0.10414 -0.44998 0.3225 curveto
-0.44998 14.22752 lineto
 closepath stroke
showpage
%%EOF
