%!PS
%%BoundingBox: 64 -61 196 61 
%%HiResBoundingBox: 64.25182 -60.56865 195.55655 60.56927 
%%Creator: MetaPost 0.901
%%CreationDate: 2008.09.19:1140
%%Pages: 1
%%BeginProlog
%%EndProlog
%%Page: 1 1
 1 0.5 0.5 setrgbcolor
newpath 90.68227 7.87543 moveto
102.37375 14.62532 lineto
102.6647 14.79326 102.68645 15.19484 102.41846 15.34956 curveto
91.53748 21.63168 lineto
91.15332 21.85347 90.67957 21.83443 90.2943 21.61206 curveto
78.80545 14.9788 lineto
77.55109 14.25497 lineto
66.46768 7.8557 lineto
66.1759 7.6872 65.9415 7.44829 66.14249 7.33224 curveto
71.3814 4.30757 lineto
72.63551 3.58351 lineto
89.97018 -6.42438 lineto
90.46613 -6.71071 91.05118 -6.91185 91.53714 -6.63135 curveto
102.419 -0.34854 lineto
102.6866 -0.19409 102.66464 0.20735 102.37386 0.37524 curveto
90.68216 7.12543 lineto
90.39355 7.29205 90.39346 7.7089 90.68227 7.87543 curveto closepath fill
 0 setgray 0 0.5 dtransform truncate idtransform setlinewidth pop [] 0 setdash
 1 setlinejoin 10 setmiterlimit
gsave newpath 90.68227 7.87543 moveto
102.37375 14.62532 lineto
102.6647 14.79326 102.68645 15.19484 102.41846 15.34956 curveto
91.53748 21.63168 lineto
91.15332 21.85347 90.67957 21.83443 90.2943 21.61206 curveto
78.80545 14.9788 lineto
77.55109 14.25497 lineto
66.46768 7.8557 lineto
66.1759 7.6872 65.9415 7.44829 66.14249 7.33224 curveto
71.3814 4.30757 lineto
72.63551 3.58351 lineto
89.97018 -6.42438 lineto
90.46613 -6.71071 91.05118 -6.91185 91.53714 -6.63135 curveto
102.419 -0.34854 lineto
102.6866 -0.19409 102.66464 0.20735 102.37386 0.37524 curveto
90.68216 7.12543 lineto
90.39355 7.29205 90.39346 7.7089 90.68227 7.87543 curveto closepath
[0.86603 -0.5 0.5 0.86603 0 0] concat stroke grestore
 1 1 0 setrgbcolor
newpath 182.25676 0.74574 moveto
193.34016 7.14503 lineto
193.61368 7.30293 193.60806 7.70155 193.32898 7.86269 curveto
182.04245 14.37895 lineto
181.65453 14.6029 181.41583 15.01665 181.41576 15.46466 curveto
181.41548 28.49724 lineto
181.41556 28.81963 181.07309 29.02342 180.79956 28.86552 curveto
169.7163 22.46645 lineto
168.48431 21.75531 lineto
157.40092 15.35602 lineto
157.12752 15.19832 157.13301 14.7995 157.4123 14.63826 curveto
168.69882 8.122 lineto
169.08675 7.89803 169.32544 7.4843 169.32553 7.03627 curveto
169.32559 -5.99619 lineto
169.32552 -6.31857 169.668 -6.52237 169.94151 -6.36447 curveto
181.02478 0.0346 lineto
 closepath fill
 0 setgray
gsave newpath 182.25676 0.74574 moveto
193.34016 7.14503 lineto
193.61368 7.30293 193.60806 7.70155 193.32898 7.86269 curveto
182.04245 14.37895 lineto
181.65453 14.6029 181.41583 15.01665 181.41576 15.46466 curveto
181.41548 28.49724 lineto
181.41556 28.81963 181.07309 29.02342 180.79956 28.86552 curveto
169.7163 22.46645 lineto
168.48431 21.75531 lineto
157.40092 15.35602 lineto
157.12752 15.19832 157.13301 14.7995 157.4123 14.63826 curveto
168.69882 8.122 lineto
169.08675 7.89803 169.32544 7.4843 169.32553 7.03627 curveto
169.32559 -5.99619 lineto
169.32552 -6.31857 169.668 -6.52237 169.94151 -6.36447 curveto
181.02478 0.0346 lineto
 closepath
[0.86603 -0.5 0.5 0.86603 0 0] concat stroke grestore
 1 0.35 0.5 setrgbcolor
newpath 104.57262 -59.10521 moveto
116.26451 -52.35556 lineto
116.66646 -52.12352 117.16154 -52.12341 117.56332 -52.35538 curveto
129.25534 -59.10548 lineto
129.64404 -59.3299 130.12173 -59.35487 130.50902 -59.1313 curveto
141.39128 -52.84874 lineto
141.65941 -52.69379 141.65376 -52.30255 141.37943 -52.14417 curveto
130.29488 -45.74452 lineto
129.04135 -45.0208 lineto
117.55272 -38.3881 lineto
117.10277 -38.12833 116.55022 -38.22981 116.09442 -38.49286 curveto
101.33336 -47.01492 lineto
100.07968 -47.73889 lineto
92.26707 -52.24959 lineto
92.06439 -52.36673 92.15733 -52.68732 92.4378 -52.84926 curveto
103.31879 -59.13138 lineto
103.7061 -59.355 104.18375 -59.32973 104.57262 -59.10521 curveto closepath fill
 0 setgray
gsave newpath 104.57262 -59.10521 moveto
116.26451 -52.35556 lineto
116.66646 -52.12352 117.16154 -52.12341 117.56332 -52.35538 curveto
129.25534 -59.10548 lineto
129.64404 -59.3299 130.12173 -59.35487 130.50902 -59.1313 curveto
141.39128 -52.84874 lineto
141.65941 -52.69379 141.65376 -52.30255 141.37943 -52.14417 curveto
130.29488 -45.74452 lineto
129.04135 -45.0208 lineto
117.55272 -38.3881 lineto
117.10277 -38.12833 116.55022 -38.22981 116.09442 -38.49286 curveto
101.33336 -47.01492 lineto
100.07968 -47.73889 lineto
92.26707 -52.24959 lineto
92.06439 -52.36673 92.15733 -52.68732 92.4378 -52.84926 curveto
103.31879 -59.13138 lineto
103.7061 -59.355 104.18375 -59.32973 104.57262 -59.10521 curveto closepath
[0.86603 -0.5 0.5 0.86603 0 0] concat stroke grestore
 0 0 0.2 setrgbcolor
newpath 130.53084 30.88213 moveto
141.81761 37.3984 lineto
142.20564 37.62234 142.4446 38.03622 142.44452 38.48425 curveto
142.44437 51.51701 lineto
142.44427 51.96504 142.20557 52.37877 141.81766 52.60274 curveto
130.53113 59.119 lineto
130.14322 59.34296 129.66556 59.34282 129.27753 59.11887 curveto
117.99075 52.6026 lineto
117.6027 52.37865 117.36375 51.96477 117.36385 51.51675 curveto
117.364 38.48398 lineto
117.36407 38.03596 117.60278 37.62222 117.99069 37.39827 curveto
129.27722 30.882 lineto
129.66513 30.65804 130.14279 30.65819 130.53084 30.88213 curveto closepath fill
 0 setgray
gsave newpath 130.53084 30.88213 moveto
141.81761 37.3984 lineto
142.20564 37.62234 142.4446 38.03622 142.44452 38.48425 curveto
142.44437 51.51701 lineto
142.44427 51.96504 142.20557 52.37877 141.81766 52.60274 curveto
130.53113 59.119 lineto
130.14322 59.34296 129.66556 59.34282 129.27753 59.11887 curveto
117.99075 52.6026 lineto
117.6027 52.37865 117.36375 51.96477 117.36385 51.51675 curveto
117.364 38.48398 lineto
117.36407 38.03596 117.60278 37.62222 117.99069 37.39827 curveto
129.27722 30.882 lineto
129.66513 30.65804 130.14279 30.65819 130.53084 30.88213 curveto closepath
[0.86603 -0.5 0.5 0.86603 0 0] concat stroke grestore
 1 0.65 0.7 setrgbcolor
newpath 117.32732 8.25873 moveto
128.81575 14.89221 lineto
129.20071 15.11447 129.45403 15.51479 129.45406 15.95798 curveto
129.45404 28.52315 lineto
129.45395 28.83243 129.10672 29.0202 128.82724 28.85886 curveto
117.54079 22.34265 lineto
117.15263 22.11853 116.6747 22.1188 116.28658 22.34288 curveto
105.00005 28.85915 lineto
104.72156 29.01994 104.37314 28.81883 104.37321 28.49716 curveto
104.37357 15.46426 lineto
104.37364 15.01625 104.13469 14.60237 103.74666 14.37843 curveto
92.45988 7.86214 lineto
92.1804 7.7008 92.16962 7.30585 92.4378 7.151 curveto
103.31879 0.86888 lineto
103.70294 0.6471 104.17651 0.66624 104.56177 0.88861 curveto
116.05042 7.52199 lineto
 closepath fill
 0 setgray
gsave newpath 117.32732 8.25873 moveto
128.81575 14.89221 lineto
129.20071 15.11447 129.45403 15.51479 129.45406 15.95798 curveto
129.45404 28.52315 lineto
129.45395 28.83243 129.10672 29.0202 128.82724 28.85886 curveto
117.54079 22.34265 lineto
117.15263 22.11853 116.6747 22.1188 116.28658 22.34288 curveto
105.00005 28.85915 lineto
104.72156 29.01994 104.37314 28.81883 104.37321 28.49716 curveto
104.37357 15.46426 lineto
104.37364 15.01625 104.13469 14.60237 103.74666 14.37843 curveto
92.45988 7.86214 lineto
92.1804 7.7008 92.16962 7.30585 92.4378 7.151 curveto
103.31879 0.86888 lineto
103.70294 0.6471 104.17651 0.66624 104.56177 0.88861 curveto
116.05042 7.52199 lineto
 closepath
[0.86603 -0.5 0.5 0.86603 0 0] concat stroke grestore
 0.9 0.1 0 setrgbcolor
newpath 143.52126 23.38213 moveto
154.80803 29.8984 lineto
155.20274 30.12616 155.43495 30.55397 155.43495 31.01039 curveto
155.43475 44.51045 lineto
155.43478 44.96689 155.66698 45.3947 156.0617 45.62245 curveto
167.34848 52.13872 lineto
167.62794 52.30008 167.63873 52.69504 167.37054 52.84987 curveto
156.48956 59.13199 lineto
156.10898 59.35172 155.63971 59.33907 155.25836 59.11893 curveto
143.97159 52.60266 lineto
143.57687 52.37491 143.34467 51.9471 143.34465 51.49066 curveto
143.34485 37.9906 lineto
143.34483 37.53418 143.11264 37.10637 142.71791 36.87862 curveto
131.43114 30.36234 lineto
131.15166 30.201 131.14087 29.80603 131.40906 29.65118 curveto
142.29004 23.36906 lineto
142.67062 23.14934 143.13991 23.16199 143.52126 23.38213 curveto closepath fill
 0 setgray
gsave newpath 143.52126 23.38213 moveto
154.80803 29.8984 lineto
155.20274 30.12616 155.43495 30.55397 155.43495 31.01039 curveto
155.43475 44.51045 lineto
155.43478 44.96689 155.66698 45.3947 156.0617 45.62245 curveto
167.34848 52.13872 lineto
167.62794 52.30008 167.63873 52.69504 167.37054 52.84987 curveto
156.48956 59.13199 lineto
156.10898 59.35172 155.63971 59.33907 155.25836 59.11893 curveto
143.97159 52.60266 lineto
143.57687 52.37491 143.34467 51.9471 143.34465 51.49066 curveto
143.34485 37.9906 lineto
143.34483 37.53418 143.11264 37.10637 142.71791 36.87862 curveto
131.43114 30.36234 lineto
131.15166 30.201 131.14087 29.80603 131.40906 29.65118 curveto
142.29004 23.36906 lineto
142.67062 23.14934 143.13991 23.16199 143.52126 23.38213 curveto closepath
[0.86603 -0.5 0.5 0.86603 0 0] concat stroke grestore
 0.9 0.1 0 setrgbcolor
newpath 104.3732 44.51024 moveto
104.37341 31.01018 lineto
104.3734 30.55376 104.60562 30.12605 105.00008 29.89832 curveto
116.2864 23.38217 lineto
116.66779 23.16199 117.1368 23.14943 117.51738 23.3692 curveto
128.39944 29.65187 lineto
128.66714 29.80653 128.65637 30.20126 128.3767 30.36273 curveto
117.09016 36.879 lineto
116.69571 37.10674 116.46349 37.53444 116.4635 37.99086 curveto
116.46329 51.49092 lineto
116.46332 51.94736 116.23108 52.37505 115.83662 52.60278 curveto
104.5503 59.11894 lineto
104.16891 59.33913 103.69994 59.35168 103.31932 59.13191 curveto
92.43726 52.84924 lineto
92.16956 52.69456 92.18033 52.29985 92.46 52.13837 curveto
103.74654 45.6221 lineto
104.14099 45.39436 104.37323 44.96667 104.3732 44.51024 curveto closepath fill
 0 setgray
gsave newpath 104.3732 44.51024 moveto
104.37341 31.01018 lineto
104.3734 30.55376 104.60562 30.12605 105.00008 29.89832 curveto
116.2864 23.38217 lineto
116.66779 23.16199 117.1368 23.14943 117.51738 23.3692 curveto
128.39944 29.65187 lineto
128.66714 29.80653 128.65637 30.20126 128.3767 30.36273 curveto
117.09016 36.879 lineto
116.69571 37.10674 116.46349 37.53444 116.4635 37.99086 curveto
116.46329 51.49092 lineto
116.46332 51.94736 116.23108 52.37505 115.83662 52.60278 curveto
104.5503 59.11894 lineto
104.16891 59.33913 103.69994 59.35168 103.31932 59.13191 curveto
92.43726 52.84924 lineto
92.16956 52.69456 92.18033 52.29985 92.46 52.13837 curveto
103.74654 45.6221 lineto
104.14099 45.39436 104.37323 44.96667 104.3732 44.51024 curveto closepath
[0.86603 -0.5 0.5 0.86603 0 0] concat stroke grestore
 0 0.5 0 setrgbcolor
newpath 128.84924 -14.9103 moveto
117.96826 -8.62817 lineto
117.70047 -8.47356 117.36357 -8.69319 117.3636 -9.02911 curveto
117.3642 -22.52942 lineto
117.36433 -22.86197 116.99184 -23.0645 116.69214 -22.89146 curveto
104.59518 -15.90756 lineto
104.19894 -15.67879 103.71298 -15.64111 103.31902 -15.86848 curveto
92.43675 -22.15105 lineto
92.15047 -22.31639 91.92749 -22.55476 92.12332 -22.66783 curveto
97.36223 -25.6925 lineto
98.61635 -26.41656 lineto
115.95102 -36.42445 lineto
116.45291 -36.71422 117.04826 -36.90253 117.54062 -36.6183 curveto
128.8272 -30.1019 lineto
129.21523 -29.87798 129.45418 -29.4641 129.4541 -29.01607 curveto
129.45395 -15.98329 lineto
129.45392 -15.54297 129.23003 -15.13013 128.84924 -14.9103 curveto closepath
 fill
 0 setgray
gsave newpath 128.84924 -14.9103 moveto
117.96826 -8.62817 lineto
117.70047 -8.47356 117.36357 -8.69319 117.3636 -9.02911 curveto
117.3642 -22.52942 lineto
117.36433 -22.86197 116.99184 -23.0645 116.69214 -22.89146 curveto
104.59518 -15.90756 lineto
104.19894 -15.67879 103.71298 -15.64111 103.31902 -15.86848 curveto
92.43675 -22.15105 lineto
92.15047 -22.31639 91.92749 -22.55476 92.12332 -22.66783 curveto
97.36223 -25.6925 lineto
98.61635 -26.41656 lineto
115.95102 -36.42445 lineto
116.45291 -36.71422 117.04826 -36.90253 117.54062 -36.6183 curveto
128.8272 -30.1019 lineto
129.21523 -29.87798 129.45418 -29.4641 129.4541 -29.01607 curveto
129.45395 -15.98329 lineto
129.45392 -15.54297 129.23003 -15.13013 128.84924 -14.9103 curveto closepath
[0.86603 -0.5 0.5 0.86603 0 0] concat stroke grestore
 0 0.5 0 setrgbcolor
newpath 143.53291 -36.61165 moveto
155.02156 -29.97827 lineto
156.27582 -29.25465 lineto
167.3589 -22.85545 lineto
167.63316 -22.69717 167.6385 -22.30566 167.37012 -22.15071 curveto
156.48926 -15.8684 lineto
156.0952 -15.64088 155.60942 -15.67891 155.21298 -15.90778 curveto
143.11636 -22.89156 lineto
142.81671 -23.0645 142.44432 -22.86218 142.44438 -22.52974 curveto
142.44427 -9.02946 lineto
142.44424 -8.69354 142.10776 -8.4739 141.84018 -8.62836 curveto
130.95854 -14.91077 lineto
130.57794 -15.13054 130.35423 -15.54317 130.35426 -15.98349 curveto
130.35442 -29.01628 lineto
130.35449 -29.46428 130.5932 -29.87802 130.98111 -30.10197 curveto
142.26753 -36.61844 lineto
142.65881 -36.84435 143.14127 -36.83774 143.53291 -36.61165 curveto closepath
 fill
 0 setgray
gsave newpath 143.53291 -36.61165 moveto
155.02156 -29.97827 lineto
156.27582 -29.25465 lineto
167.3589 -22.85545 lineto
167.63316 -22.69717 167.6385 -22.30566 167.37012 -22.15071 curveto
156.48926 -15.8684 lineto
156.0952 -15.64088 155.60942 -15.67891 155.21298 -15.90778 curveto
143.11636 -22.89156 lineto
142.81671 -23.0645 142.44432 -22.86218 142.44438 -22.52974 curveto
142.44427 -9.02946 lineto
142.44424 -8.69354 142.10776 -8.4739 141.84018 -8.62836 curveto
130.95854 -14.91077 lineto
130.57794 -15.13054 130.35423 -15.54317 130.35426 -15.98349 curveto
130.35442 -29.01628 lineto
130.35449 -29.46428 130.5932 -29.87802 130.98111 -30.10197 curveto
142.26753 -36.61844 lineto
142.65881 -36.84435 143.14127 -36.83774 143.53291 -36.61165 curveto closepath
[0.86603 -0.5 0.5 0.86603 0 0] concat stroke grestore
 0.3 1 0.3 setrgbcolor
newpath 168.42534 37.96472 moveto
168.42496 50.9971 lineto
168.42494 51.31981 168.0887 51.52661 167.82082 51.37206 curveto
156.93875 45.08939 lineto
156.55145 44.86581 156.33443 44.43954 156.33444 43.9905 curveto
156.33496 30.49052 lineto
156.33493 30.03409 156.10274 29.60628 155.70801 29.37852 curveto
144.42133 22.86194 lineto
144.14185 22.7006 144.13106 22.30563 144.39925 22.15079 curveto
155.28012 15.86847 lineto
155.63176 15.66545 156.0623 15.62198 156.41124 15.82355 curveto
165.88705 21.29512 lineto
167.14166 22.01935 lineto
180.23799 29.58064 lineto
180.56738 29.77077 180.61705 30.20195 180.33856 30.36275 curveto
169.05203 36.87901 lineto
168.66411 37.10297 168.42542 37.51671 168.42534 37.96472 curveto closepath fill
 0 setgray
gsave newpath 168.42534 37.96472 moveto
168.42496 50.9971 lineto
168.42494 51.31981 168.0887 51.52661 167.82082 51.37206 curveto
156.93875 45.08939 lineto
156.55145 44.86581 156.33443 44.43954 156.33444 43.9905 curveto
156.33496 30.49052 lineto
156.33493 30.03409 156.10274 29.60628 155.70801 29.37852 curveto
144.42133 22.86194 lineto
144.14185 22.7006 144.13106 22.30563 144.39925 22.15079 curveto
155.28012 15.86847 lineto
155.63176 15.66545 156.0623 15.62198 156.41124 15.82355 curveto
165.88705 21.29512 lineto
167.14166 22.01935 lineto
180.23799 29.58064 lineto
180.56738 29.77077 180.61705 30.20195 180.33856 30.36275 curveto
169.05203 36.87901 lineto
168.66411 37.10297 168.42542 37.51671 168.42534 37.96472 curveto closepath
[0.86603 -0.5 0.5 0.86603 0 0] concat stroke grestore
 0.3 1 0.3 setrgbcolor
newpath 103.4735 30.98453 moveto
103.47311 44.01689 lineto
103.47308 44.45721 103.24919 44.87007 102.86841 45.0899 curveto
91.98743 51.37202 lineto
91.71944 51.52675 91.3831 51.32 91.383 50.9971 curveto
91.38315 37.96434 lineto
91.38329 37.50862 91.12888 37.09361 90.73361 36.86539 curveto
79.0415 30.11533 lineto
78.65262 29.89084 78.39197 29.48975 78.392 29.04254 curveto
78.39256 16.47786 lineto
78.39265 16.16858 78.73988 15.98079 79.01936 16.14215 curveto
90.30591 22.65802 lineto
90.69394 22.88197 91.17198 22.88188 91.5599 22.65793 curveto
102.84644 16.14166 lineto
103.12492 15.98087 103.47334 16.18196 103.47328 16.50365 curveto
103.47336 29.53682 lineto
 closepath fill
 0 setgray
gsave newpath 103.4735 30.98453 moveto
103.47311 44.01689 lineto
103.47308 44.45721 103.24919 44.87007 102.86841 45.0899 curveto
91.98743 51.37202 lineto
91.71944 51.52675 91.3831 51.32 91.383 50.9971 curveto
91.38315 37.96434 lineto
91.38329 37.50862 91.12888 37.09361 90.73361 36.86539 curveto
79.0415 30.11533 lineto
78.65262 29.89084 78.39197 29.48975 78.392 29.04254 curveto
78.39256 16.47786 lineto
78.39265 16.16858 78.73988 15.98079 79.01936 16.14215 curveto
90.30591 22.65802 lineto
90.69394 22.88197 91.17198 22.88188 91.5599 22.65793 curveto
102.84644 16.14166 lineto
103.12492 15.98087 103.47334 16.18196 103.47328 16.50365 curveto
103.47336 29.53682 lineto
 closepath
[0.86603 -0.5 0.5 0.86603 0 0] concat stroke grestore
 0.45 0.2 0.1 setrgbcolor
newpath 167.46191 7.79694 moveto
150.12755 17.8049 lineto
148.51544 18.73566 lineto
136.82365 25.48564 lineto
135.8835 26.02843 lineto
130.64459 29.0531 lineto
130.44876 29.16617 130.35382 28.85388 130.35378 28.52328 curveto
130.35388 15.95781 lineto
130.35382 15.51462 130.60696 15.11395 130.9919 14.89171 curveto
142.48141 8.25826 lineto
143.76884 7.51497 lineto
155.46063 0.76498 lineto
156.72606 0.0344 lineto
167.80981 -6.3648 lineto
168.08376 -6.52296 168.4252 -6.3321 168.42532 -6.02243 curveto
168.42522 6.54305 lineto
168.42528 7.10437 167.95805 7.51048 167.46191 7.79694 curveto closepath fill
 0 setgray
gsave newpath 167.46191 7.79694 moveto
150.12755 17.8049 lineto
148.51544 18.73566 lineto
136.82365 25.48564 lineto
135.8835 26.02843 lineto
130.64459 29.0531 lineto
130.44876 29.16617 130.35382 28.85388 130.35378 28.52328 curveto
130.35388 15.95781 lineto
130.35382 15.51462 130.60696 15.11395 130.9919 14.89171 curveto
142.48141 8.25826 lineto
143.76884 7.51497 lineto
155.46063 0.76498 lineto
156.72606 0.0344 lineto
167.80981 -6.3648 lineto
168.08376 -6.52296 168.4252 -6.3321 168.42532 -6.02243 curveto
168.42522 6.54305 lineto
168.42528 7.10437 167.95805 7.51048 167.46191 7.79694 curveto closepath
[0.86603 -0.5 0.5 0.86603 0 0] concat stroke grestore
 0.45 0.2 0.1 setrgbcolor
newpath 130.77834 -44.98499 moveto
142.47002 -51.73517 lineto
143.75745 -52.47845 lineto
155.24637 -59.11157 lineto
155.6313 -59.33382 156.10486 -59.35269 156.48863 -59.13106 curveto
167.3707 -52.84837 lineto
167.63882 -52.69344 167.63318 -52.3022 167.35884 -52.14381 curveto
156.27528 -45.74474 lineto
155.01045 -45.0145 lineto
143.31877 -38.26431 lineto
142.03134 -37.52101 lineto
130.54242 -30.88791 lineto
130.15749 -30.66566 129.68394 -30.64677 129.30016 -30.8684 curveto
118.41809 -37.15108 lineto
118.14996 -37.30603 118.15561 -37.69727 118.42995 -37.85565 curveto
129.5135 -44.25473 lineto
 closepath fill
 0 setgray
gsave newpath 130.77834 -44.98499 moveto
142.47002 -51.73517 lineto
143.75745 -52.47845 lineto
155.24637 -59.11157 lineto
155.6313 -59.33382 156.10486 -59.35269 156.48863 -59.13106 curveto
167.3707 -52.84837 lineto
167.63882 -52.69344 167.63318 -52.3022 167.35884 -52.14381 curveto
156.27528 -45.74474 lineto
155.01045 -45.0145 lineto
143.31877 -38.26431 lineto
142.03134 -37.52101 lineto
130.54242 -30.88791 lineto
130.15749 -30.66566 129.68394 -30.64677 129.30016 -30.8684 curveto
118.41809 -37.15108 lineto
118.14996 -37.30603 118.15561 -37.69727 118.42995 -37.85565 curveto
129.5135 -44.25473 lineto
 closepath
[0.86603 -0.5 0.5 0.86603 0 0] concat stroke grestore
 1 0.5 0.2 setrgbcolor
newpath 169.51385 -21.61133 moveto
181.0025 -14.97795 lineto
182.2794 -14.24121 lineto
193.76784 -7.60773 lineto
194.1528 -7.38545 194.40611 -6.98515 194.40614 -6.54196 curveto
194.40613 6.02321 lineto
194.40607 6.333 194.06444 6.52362 193.79018 6.36536 curveto
182.70691 -0.03374 lineto
181.43002 -0.77048 lineto
169.53632 -7.63805 lineto
169.13733 -7.8686 168.64647 -7.88702 168.24844 -7.65723 curveto
156.96191 -1.14096 lineto
156.68243 -0.9796 156.33513 -1.16733 156.33511 -1.4768 curveto
156.33522 -14.04228 lineto
156.3352 -14.4818 156.58057 -14.88167 156.96194 -15.10185 curveto
168.24847 -21.61812 lineto
168.63976 -21.84402 169.12222 -21.83742 169.51385 -21.61133 curveto closepath
 fill
 0 setgray
gsave newpath 169.51385 -21.61133 moveto
181.0025 -14.97795 lineto
182.2794 -14.24121 lineto
193.76784 -7.60773 lineto
194.1528 -7.38545 194.40611 -6.98515 194.40614 -6.54196 curveto
194.40613 6.02321 lineto
194.40607 6.333 194.06444 6.52362 193.79018 6.36536 curveto
182.70691 -0.03374 lineto
181.43002 -0.77048 lineto
169.53632 -7.63805 lineto
169.13733 -7.8686 168.64647 -7.88702 168.24844 -7.65723 curveto
156.96191 -1.14096 lineto
156.68243 -0.9796 156.33513 -1.16733 156.33511 -1.4768 curveto
156.33522 -14.04228 lineto
156.3352 -14.4818 156.58057 -14.88167 156.96194 -15.10185 curveto
168.24847 -21.61812 lineto
168.63976 -21.84402 169.12222 -21.83742 169.51385 -21.61133 curveto closepath
[0.86603 -0.5 0.5 0.86603 0 0] concat stroke grestore
 1 0.5 0.2 setrgbcolor
newpath 102.84703 -1.14117 moveto
91.55986 -7.65721 lineto
91.16196 -7.88681 90.67139 -7.86815 90.27237 -7.63777 curveto
78.37817 -0.77095 lineto
77.10146 -0.03383 lineto
66.0177 6.36536 lineto
65.74376 6.52351 65.40231 6.33267 65.40219 6.02301 curveto
65.4019 -6.54225 lineto
65.40186 -6.98544 65.65498 -7.38611 66.03992 -7.60835 curveto
77.52943 -14.2418 lineto
78.80556 -14.97858 lineto
90.29468 -21.6118 lineto
90.68616 -21.83781 91.16835 -21.84398 91.55959 -21.6182 curveto
102.84647 -15.1017 lineto
103.22781 -14.88156 103.47331 -14.48152 103.47334 -14.04202 curveto
103.47383 -1.47687 lineto
103.47374 -1.1676 103.12651 -0.97981 102.84703 -1.14117 curveto closepath fill
 0 setgray
gsave newpath 102.84703 -1.14117 moveto
91.55986 -7.65721 lineto
91.16196 -7.88681 90.67139 -7.86815 90.27237 -7.63777 curveto
78.37817 -0.77095 lineto
77.10146 -0.03383 lineto
66.0177 6.36536 lineto
65.74376 6.52351 65.40231 6.33267 65.40219 6.02301 curveto
65.4019 -6.54225 lineto
65.40186 -6.98544 65.65498 -7.38611 66.03992 -7.60835 curveto
77.52943 -14.2418 lineto
78.80556 -14.97858 lineto
90.29468 -21.6118 lineto
90.68616 -21.83781 91.16835 -21.84398 91.55959 -21.6182 curveto
102.84647 -15.1017 lineto
103.22781 -14.88156 103.47331 -14.48152 103.47334 -14.04202 curveto
103.47383 -1.47687 lineto
103.47374 -1.1676 103.12651 -0.97981 102.84703 -1.14117 curveto closepath
[0.86603 -0.5 0.5 0.86603 0 0] concat stroke grestore
 0.3 0.3 1 setrgbcolor
newpath 116.46371 -20.97034 moveto
116.46352 -7.47026 lineto
116.46333 -7.13689 116.82437 -6.92854 117.11298 -7.09517 curveto
128.80467 -13.84535 lineto
129.09486 -14.0129 129.45393 -13.82404 129.45398 -13.50902 curveto
129.45418 -0.71089 lineto
129.45404 0.7116 lineto
129.45415 13.50954 lineto
129.45406 13.82568 129.11192 14.02321 128.83809 13.86522 curveto
117.75482 7.46613 lineto
116.50021 6.74191 lineto
105.01178 0.10843 lineto
104.62012 -0.11766 104.37337 -0.5318 104.37343 -0.98349 curveto
104.37358 -14.01628 lineto
104.37361 -14.4566 104.59749 -14.86943 104.97827 -15.08928 curveto
115.85925 -21.3714 lineto
116.12685 -21.5259 116.46376 -21.30626 116.46371 -20.97034 curveto closepath
 fill
 0 setgray
gsave newpath 116.46371 -20.97034 moveto
116.46352 -7.47026 lineto
116.46333 -7.13689 116.82437 -6.92854 117.11298 -7.09517 curveto
128.80467 -13.84535 lineto
129.09486 -14.0129 129.45393 -13.82404 129.45398 -13.50902 curveto
129.45418 -0.71089 lineto
129.45404 0.7116 lineto
129.45415 13.50954 lineto
129.45406 13.82568 129.11192 14.02321 128.83809 13.86522 curveto
117.75482 7.46613 lineto
116.50021 6.74191 lineto
105.01178 0.10843 lineto
104.62012 -0.11766 104.37337 -0.5318 104.37343 -0.98349 curveto
104.37358 -14.01628 lineto
104.37361 -14.4566 104.59749 -14.86943 104.97827 -15.08928 curveto
115.85925 -21.3714 lineto
116.12685 -21.5259 116.46376 -21.30626 116.46371 -20.97034 curveto closepath
[0.86603 -0.5 0.5 0.86603 0 0] concat stroke grestore
 0.3 0.3 1 setrgbcolor
newpath 154.47221 0.29672 moveto
137.13725 10.30504 lineto
135.88373 11.02876 lineto
130.64502 14.05333 lineto
130.50826 14.1323 130.35406 13.96732 130.35408 13.74716 curveto
130.35426 5.2147 lineto
130.3538 3.79256 lineto
130.35469 -13.27187 lineto
130.35489 -13.70595 130.711 -14.01382 131.00385 -13.84486 curveto
142.69547 -7.09479 lineto
142.98407 -6.92815 143.34482 -7.13643 143.34482 -7.4697 curveto
143.34491 -20.96996 lineto
143.34496 -21.3059 143.68144 -21.52554 143.949 -21.37106 curveto
154.83076 -15.08849 lineto
155.21136 -14.86871 155.43507 -14.45607 155.43504 -14.01575 curveto
155.43549 -0.9833 lineto
155.43547 -0.41481 154.9745 0.00673 154.47221 0.29672 curveto closepath fill
 0 setgray
gsave newpath 154.47221 0.29672 moveto
137.13725 10.30504 lineto
135.88373 11.02876 lineto
130.64502 14.05333 lineto
130.50826 14.1323 130.35406 13.96732 130.35408 13.74716 curveto
130.35426 5.2147 lineto
130.3538 3.79256 lineto
130.35469 -13.27187 lineto
130.35489 -13.70595 130.711 -14.01382 131.00385 -13.84486 curveto
142.69547 -7.09479 lineto
142.98407 -6.92815 143.34482 -7.13643 143.34482 -7.4697 curveto
143.34491 -20.96996 lineto
143.34496 -21.3059 143.68144 -21.52554 143.949 -21.37106 curveto
154.83076 -15.08849 lineto
155.21136 -14.86871 155.43507 -14.45607 155.43504 -14.01575 curveto
155.43549 -0.9833 lineto
155.43547 -0.41481 154.9745 0.00673 154.47221 0.29672 curveto closepath
[0.86603 -0.5 0.5 0.86603 0 0] concat stroke grestore
 0.1 0 0.5 setrgbcolor
newpath 156.72606 -44.96579 moveto
167.80981 -51.36499 lineto
168.08296 -51.52269 168.4253 -51.31888 168.42537 -50.99649 curveto
168.42522 -37.9637 lineto
168.42508 -37.508 168.67949 -37.09299 169.07474 -36.86478 curveto
180.76622 -30.11488 lineto
181.15512 -29.89037 181.41576 -29.48927 181.41573 -29.0421 curveto
181.41571 -16.47691 lineto
181.41565 -16.16713 181.07402 -15.9765 180.79976 -16.13478 curveto
169.71649 -22.53387 lineto
168.45103 -23.26453 lineto
156.75955 -30.0144 lineto
155.4941 -30.74506 lineto
144.4107 -37.14433 lineto
144.13687 -37.30234 144.13704 -37.69754 144.41078 -37.85558 curveto
155.49454 -44.25478 lineto
 closepath fill
 0 setgray
gsave newpath 156.72606 -44.96579 moveto
167.80981 -51.36499 lineto
168.08296 -51.52269 168.4253 -51.31888 168.42537 -50.99649 curveto
168.42522 -37.9637 lineto
168.42508 -37.508 168.67949 -37.09299 169.07474 -36.86478 curveto
180.76622 -30.11488 lineto
181.15512 -29.89037 181.41576 -29.48927 181.41573 -29.0421 curveto
181.41571 -16.47691 lineto
181.41565 -16.16713 181.07402 -15.9765 180.79976 -16.13478 curveto
169.71649 -22.53387 lineto
168.45103 -23.26453 lineto
156.75955 -30.0144 lineto
155.4941 -30.74506 lineto
144.4107 -37.14433 lineto
144.13687 -37.30234 144.13704 -37.69754 144.41078 -37.85558 curveto
155.49454 -44.25478 lineto
 closepath
[0.86603 -0.5 0.5 0.86603 0 0] concat stroke grestore
 0.1 0 0.5 setrgbcolor
newpath 103.0491 -30.01447 moveto
91.3573 -23.26448 lineto
90.09187 -22.53389 lineto
79.00812 -16.1347 lineto
78.73418 -15.97655 78.39273 -16.16739 78.39261 -16.47707 curveto
78.39232 -29.04231 lineto
78.39233 -29.48952 78.65294 -29.89052 79.04164 -30.11493 curveto
90.73373 -36.86534 lineto
91.12897 -37.09354 91.38309 -37.5085 91.38303 -37.9641 curveto
91.38286 -50.99696 lineto
91.38289 -51.32787 91.66055 -51.5606 91.88693 -51.4299 curveto
100.9576 -46.19223 lineto
102.18958 -45.4811 lineto
115.2859 -37.9198 lineto
115.61604 -37.72931 115.6717 -37.30238 115.39757 -37.1441 curveto
104.31393 -30.74472 lineto
 closepath fill
 0 setgray
gsave newpath 103.0491 -30.01447 moveto
91.3573 -23.26448 lineto
90.09187 -22.53389 lineto
79.00812 -16.1347 lineto
78.73418 -15.97655 78.39273 -16.16739 78.39261 -16.47707 curveto
78.39232 -29.04231 lineto
78.39233 -29.48952 78.65294 -29.89052 79.04164 -30.11493 curveto
90.73373 -36.86534 lineto
91.12897 -37.09354 91.38309 -37.5085 91.38303 -37.9641 curveto
91.38286 -50.99696 lineto
91.38289 -51.32787 91.66055 -51.5606 91.88693 -51.4299 curveto
100.9576 -46.19223 lineto
102.18958 -45.4811 lineto
115.2859 -37.9198 lineto
115.61604 -37.72931 115.6717 -37.30238 115.39757 -37.1441 curveto
104.31393 -30.74472 lineto
 closepath
[0.86603 -0.5 0.5 0.86603 0 0] concat stroke grestore
gsave newpath 89.83339 -37.38472 moveto
78.1417 -30.63454 lineto
77.73991 -30.40257 77.49248 -29.97374 77.49245 -29.50963 curveto
77.49223 -16.00957 lineto
77.4922 -15.54546 77.24477 -15.11664 76.84297 -14.88466 curveto
65.15128 -8.13448 lineto
64.74275 -7.89862 64.502 -7.45595 64.50206 -6.98343 curveto
64.50182 6.98395 lineto
64.50177 7.45676 64.74277 7.89934 65.1514 8.13516 curveto
76.84288 14.88506 lineto
77.24484 15.11708 77.4925 15.54602 77.49245 16.01013 curveto
77.49225 29.51021 lineto
77.49222 29.97432 77.73987 30.40326 78.14182 30.63528 curveto
89.8333 37.38518 lineto
90.23526 37.6172 90.48291 38.04614 90.48286 38.51027 curveto
90.48267 52.01033 lineto
90.48259 52.48215 90.74536 52.91212 91.15488 53.14853 curveto
103.25107 60.132 lineto
103.66025 60.36832 104.16399 60.38115 104.57251 60.1453 curveto
116.2642 53.39511 lineto
116.666 53.16313 117.16109 53.16327 117.56303 53.3953 curveto
129.25453 60.14519 lineto
129.65648 60.37721 130.15157 60.37732 130.55334 60.14536 curveto
142.24504 53.39517 lineto
142.64684 53.1632 143.14192 53.16333 143.54387 53.39536 curveto
155.23537 60.14525 lineto
155.64401 60.38107 156.14746 60.3687 156.55678 60.13239 curveto
168.65364 53.14828 lineto
169.06296 52.91196 169.32541 52.48213 169.32549 52.01033 curveto
169.3257 38.51025 lineto
169.32573 38.04614 169.57317 37.61731 169.97496 37.38535 curveto
181.66666 30.63516 lineto
182.06844 30.40318 182.31587 29.97438 182.3159 29.51027 curveto
182.31612 16.0102 lineto
182.31615 15.54608 182.56358 15.11725 182.96538 14.88528 curveto
194.65707 8.1351 lineto
195.0656 7.89923 195.30637 7.45656 195.3063 6.98404 curveto
195.30655 -6.9833 lineto
195.30658 -7.45615 195.0656 -7.89871 194.65695 -8.13455 curveto
182.96547 -14.88443 lineto
182.5635 -15.11647 182.31586 -15.54541 182.3159 -16.00952 curveto
182.3161 -29.5096 lineto
182.31613 -29.97371 182.06848 -30.40265 181.66653 -30.63467 curveto
169.97505 -37.38457 lineto
169.57309 -37.6166 169.32544 -38.04553 169.32549 -38.50964 curveto
169.32568 -52.00972 lineto
169.32578 -52.48152 169.06299 -52.91151 168.65349 -53.14789 curveto
156.5573 -60.1314 lineto
156.14812 -60.3677 155.64436 -60.38054 155.23584 -60.14467 curveto
143.54414 -53.39449 lineto
143.14235 -53.16252 142.64726 -53.16264 142.24532 -53.39467 curveto
130.55382 -60.14455 lineto
130.15187 -60.37657 129.65678 -60.37671 129.255 -60.14473 curveto
117.56331 -53.39455 lineto
117.16151 -53.16258 116.66643 -53.1627 116.26448 -53.39473 curveto
104.57298 -60.1446 lineto
104.16434 -60.38045 103.66089 -60.36807 103.25157 -60.13174 curveto
91.15471 -53.14764 lineto
90.74539 -52.91133 90.48294 -52.4815 90.48286 -52.00969 curveto
90.48265 -38.50963 lineto
90.48262 -38.04552 90.23518 -37.6167 89.83339 -37.38472 curveto closepath
[0.86603 -0.5 0.5 0.86603 0 0] concat stroke grestore
showpage
%%EOF
