%!PS
%%BoundingBox: 64 -61 196 61 
%%HiResBoundingBox: 64.25182 -60.56865 195.55655 60.56927 
%%Creator: MetaPost 0.901
%%CreationDate: 2008.09.19:1140
%%Pages: 1
%%BeginProlog
%%EndProlog
%%Page: 1 1
 1 0.5 0.5 setrgbcolor
newpath 103.67268 30.37555 moveto
115.36417 37.12544 lineto
115.65512 37.29338 115.67686 37.69496 115.40887 37.84969 curveto
104.5279 44.1318 lineto
104.14374 44.35359 103.66998 44.33455 103.28471 44.1122 curveto
91.79587 37.47894 lineto
90.5415 36.7551 lineto
79.4581 30.35582 lineto
79.16632 30.18732 78.93192 29.94841 79.1329 29.83237 curveto
84.37181 26.8077 lineto
85.62593 26.08363 lineto
102.9606 16.07574 lineto
103.45654 15.78941 104.0416 15.58827 104.52756 15.86879 curveto
115.40942 22.15158 lineto
115.67702 22.30605 115.65506 22.70749 115.36427 22.87538 curveto
103.67258 29.62556 lineto
103.38397 29.79219 103.38388 30.20903 103.67268 30.37555 curveto closepath fill
 0 setgray 0 0.5 dtransform truncate idtransform setlinewidth pop [] 0 setdash
 1 setlinejoin 10 setmiterlimit
gsave newpath 103.67268 30.37555 moveto
115.36417 37.12544 lineto
115.65512 37.29338 115.67686 37.69496 115.40887 37.84969 curveto
104.5279 44.1318 lineto
104.14374 44.35359 103.66998 44.33455 103.28471 44.1122 curveto
91.79587 37.47894 lineto
90.5415 36.7551 lineto
79.4581 30.35582 lineto
79.16632 30.18732 78.93192 29.94841 79.1329 29.83237 curveto
84.37181 26.8077 lineto
85.62593 26.08363 lineto
102.9606 16.07574 lineto
103.45654 15.78941 104.0416 15.58827 104.52756 15.86879 curveto
115.40942 22.15158 lineto
115.67702 22.30605 115.65506 22.70749 115.36427 22.87538 curveto
103.67258 29.62556 lineto
103.38397 29.79219 103.38388 30.20903 103.67268 30.37555 curveto closepath
[0.86603 -0.5 0.5 0.86603 0 0] concat stroke grestore
 1 1 0 setrgbcolor
newpath 142.44476 -6.54253 moveto
142.44426 6.0232 lineto
142.44417 6.33247 142.09694 6.52025 141.81746 6.35892 curveto
130.53111 -0.15709 lineto
130.14296 -0.38123 129.66504 -0.38094 129.27692 -0.15686 curveto
117.99007 6.35931 lineto
117.71158 6.52011 117.36316 6.319 117.36324 5.99733 curveto
117.36339 -7.03546 lineto
117.36328 -8.457 lineto
117.36359 -21.02261 lineto
117.36368 -21.33188 117.7109 -21.51967 117.99039 -21.35832 curveto
129.27716 -14.84204 lineto
129.66519 -14.61809 130.14323 -14.61818 130.53116 -14.84213 curveto
141.81769 -21.3584 lineto
142.09618 -21.5192 142.4446 -21.3181 142.44453 -20.99643 curveto
142.44432 -7.96466 lineto
 closepath fill
 0 setgray
gsave newpath 142.44476 -6.54253 moveto
142.44426 6.0232 lineto
142.44417 6.33247 142.09694 6.52025 141.81746 6.35892 curveto
130.53111 -0.15709 lineto
130.14296 -0.38123 129.66504 -0.38094 129.27692 -0.15686 curveto
117.99007 6.35931 lineto
117.71158 6.52011 117.36316 6.319 117.36324 5.99733 curveto
117.36339 -7.03546 lineto
117.36328 -8.457 lineto
117.36359 -21.02261 lineto
117.36368 -21.33188 117.7109 -21.51967 117.99039 -21.35832 curveto
129.27716 -14.84204 lineto
129.66519 -14.61809 130.14323 -14.61818 130.53116 -14.84213 curveto
141.81769 -21.3584 lineto
142.09618 -21.5192 142.4446 -21.3181 142.44453 -20.99643 curveto
142.44432 -7.96466 lineto
 closepath
[0.86603 -0.5 0.5 0.86603 0 0] concat stroke grestore
 1 0.35 0.5 setrgbcolor
newpath 117.56303 23.39517 moveto
129.25493 30.14482 lineto
129.65688 30.37685 130.15196 30.37697 130.55374 30.145 curveto
142.24576 23.3949 lineto
142.63446 23.17049 143.11215 23.14551 143.49944 23.36908 curveto
154.3817 29.65164 lineto
154.64983 29.8066 154.64418 30.19783 154.36984 30.35622 curveto
143.2853 36.75586 lineto
142.03177 37.47958 lineto
130.54314 44.11227 lineto
130.09319 44.37206 129.54063 44.27057 129.08484 44.00752 curveto
114.32378 35.48546 lineto
113.0701 34.76149 lineto
105.25749 30.2508 lineto
105.05481 30.13365 105.14775 29.81306 105.42822 29.65112 curveto
116.3092 23.369 lineto
116.69652 23.14539 117.17416 23.17065 117.56303 23.39517 curveto closepath fill
 0 setgray
gsave newpath 117.56303 23.39517 moveto
129.25493 30.14482 lineto
129.65688 30.37685 130.15196 30.37697 130.55374 30.145 curveto
142.24576 23.3949 lineto
142.63446 23.17049 143.11215 23.14551 143.49944 23.36908 curveto
154.3817 29.65164 lineto
154.64983 29.8066 154.64418 30.19783 154.36984 30.35622 curveto
143.2853 36.75586 lineto
142.03177 37.47958 lineto
130.54314 44.11227 lineto
130.09319 44.37206 129.54063 44.27057 129.08484 44.00752 curveto
114.32378 35.48546 lineto
113.0701 34.76149 lineto
105.25749 30.2508 lineto
105.05481 30.13365 105.14775 29.81306 105.42822 29.65112 curveto
116.3092 23.369 lineto
116.69652 23.14539 117.17416 23.17065 117.56303 23.39517 curveto closepath
[0.86603 -0.5 0.5 0.86603 0 0] concat stroke grestore
 0 0 0.2 setrgbcolor
newpath 130.53084 0.882 moveto
141.81761 7.39828 lineto
142.20564 7.62222 142.4446 8.0361 142.44452 8.48413 curveto
142.44437 21.51689 lineto
142.44427 21.96492 142.20557 22.37865 141.81766 22.60262 curveto
130.53113 29.11888 lineto
130.14322 29.34283 129.66556 29.3427 129.27753 29.11874 curveto
117.99075 22.60248 lineto
117.6027 22.37852 117.36375 21.96465 117.36385 21.51663 curveto
117.364 8.48386 lineto
117.36407 8.03584 117.60278 7.6221 117.99069 7.39815 curveto
129.27722 0.88188 lineto
129.66513 0.65791 130.14279 0.65807 130.53084 0.882 curveto closepath fill
 0 setgray
gsave newpath 130.53084 0.882 moveto
141.81761 7.39828 lineto
142.20564 7.62222 142.4446 8.0361 142.44452 8.48413 curveto
142.44437 21.51689 lineto
142.44427 21.96492 142.20557 22.37865 141.81766 22.60262 curveto
130.53113 29.11888 lineto
130.14322 29.34283 129.66556 29.3427 129.27753 29.11874 curveto
117.99075 22.60248 lineto
117.6027 22.37852 117.36375 21.96465 117.36385 21.51663 curveto
117.364 8.48386 lineto
117.36407 8.03584 117.60278 7.6221 117.99069 7.39815 curveto
129.27722 0.88188 lineto
129.66513 0.65791 130.14279 0.65807 130.53084 0.882 curveto closepath
[0.86603 -0.5 0.5 0.86603 0 0] concat stroke grestore
 1 0.65 0.7 setrgbcolor
newpath 78.80556 -14.97858 moveto
90.29468 -21.6118 lineto
90.67961 -21.83405 91.15317 -21.85292 91.53694 -21.63129 curveto
102.419 -15.3486 lineto
102.68703 -15.19386 102.67574 -14.79912 102.39606 -14.63763 curveto
91.10953 -8.12137 lineto
90.7216 -7.89742 90.48291 -7.48367 90.48283 -7.03566 curveto
90.48276 5.9968 lineto
90.4827 6.3185 90.13461 6.51945 89.85599 6.35866 curveto
78.56953 -0.15753 lineto
78.18149 -0.38147 77.70345 -0.3814 77.31552 -0.15742 curveto
66.02899 6.35884 lineto
65.74951 6.5202 65.4022 6.33247 65.40219 6.02301 curveto
65.4023 -6.54248 lineto
65.40225 -6.98567 65.65538 -7.38634 66.04031 -7.60858 curveto
77.52943 -14.2418 lineto
 closepath fill
 0 setgray
gsave newpath 78.80556 -14.97858 moveto
90.29468 -21.6118 lineto
90.67961 -21.83405 91.15317 -21.85292 91.53694 -21.63129 curveto
102.419 -15.3486 lineto
102.68703 -15.19386 102.67574 -14.79912 102.39606 -14.63763 curveto
91.10953 -8.12137 lineto
90.7216 -7.89742 90.48291 -7.48367 90.48283 -7.03566 curveto
90.48276 5.9968 lineto
90.4827 6.3185 90.13461 6.51945 89.85599 6.35866 curveto
78.56953 -0.15753 lineto
78.18149 -0.38147 77.70345 -0.3814 77.31552 -0.15742 curveto
66.02899 6.35884 lineto
65.74951 6.5202 65.4022 6.33247 65.40219 6.02301 curveto
65.4023 -6.54248 lineto
65.40225 -6.98567 65.65538 -7.38634 66.04031 -7.60858 curveto
77.52943 -14.2418 lineto
 closepath
[0.86603 -0.5 0.5 0.86603 0 0] concat stroke grestore
 0.9 0.1 0 setrgbcolor
newpath 167.7983 52.6029 moveto
156.51176 59.11917 lineto
156.11731 59.34691 155.6308 59.33418 155.23553 59.10594 curveto
143.54373 52.35599 lineto
143.14847 52.12775 142.66176 52.11513 142.2671 52.34299 curveto
130.98058 58.85925 lineto
130.7011 59.02061 130.35378 58.83289 130.35378 58.5234 curveto
130.35388 45.95793 lineto
130.35385 45.51843 130.59943 45.11842 130.9808 44.89824 curveto
142.26733 38.38197 lineto
142.66179 38.15424 143.1483 38.16699 143.54356 38.3952 curveto
155.23537 45.14519 lineto
155.63063 45.3734 156.11734 45.38602 156.512 45.15817 curveto
167.79852 38.6419 lineto
168.078 38.48055 168.42532 38.66827 168.42532 38.97775 curveto
168.42522 51.54323 lineto
168.42525 51.98274 168.17967 52.38272 167.7983 52.6029 curveto closepath fill
 0 setgray
gsave newpath 167.7983 52.6029 moveto
156.51176 59.11917 lineto
156.11731 59.34691 155.6308 59.33418 155.23553 59.10594 curveto
143.54373 52.35599 lineto
143.14847 52.12775 142.66176 52.11513 142.2671 52.34299 curveto
130.98058 58.85925 lineto
130.7011 59.02061 130.35378 58.83289 130.35378 58.5234 curveto
130.35388 45.95793 lineto
130.35385 45.51843 130.59943 45.11842 130.9808 44.89824 curveto
142.26733 38.38197 lineto
142.66179 38.15424 143.1483 38.16699 143.54356 38.3952 curveto
155.23537 45.14519 lineto
155.63063 45.3734 156.11734 45.38602 156.512 45.15817 curveto
167.79852 38.6419 lineto
168.078 38.48055 168.42532 38.66827 168.42532 38.97775 curveto
168.42522 51.54323 lineto
168.42525 51.98274 168.17967 52.38272 167.7983 52.6029 curveto closepath
[0.86603 -0.5 0.5 0.86603 0 0] concat stroke grestore
 0.9 0.1 0 setrgbcolor
newpath 104.5724 45.14503 moveto
116.2641 38.39485 lineto
116.65935 38.16666 117.14577 38.15407 117.5403 38.38193 curveto
128.82677 44.89812 lineto
129.20811 45.11826 129.45361 45.51833 129.45363 45.95782 curveto
129.45361 58.52298 lineto
129.45352 58.83226 129.1063 59.02003 128.82681 58.8587 curveto
117.54066 52.34259 lineto
117.14613 52.11473 116.65971 52.12732 116.26448 52.35551 curveto
104.57259 59.1058 lineto
104.17734 59.334 103.6909 59.34659 103.29637 59.11873 curveto
92.00992 52.60254 lineto
91.62857 52.3824 91.38307 51.98233 91.38304 51.54283 curveto
91.38307 38.97768 lineto
91.38316 38.6684 91.7304 38.48062 92.00986 38.64195 curveto
103.2962 45.15794 lineto
103.69073 45.38582 104.17717 45.37323 104.5724 45.14503 curveto closepath fill
 0 setgray
gsave newpath 104.5724 45.14503 moveto
116.2641 38.39485 lineto
116.65935 38.16666 117.14577 38.15407 117.5403 38.38193 curveto
128.82677 44.89812 lineto
129.20811 45.11826 129.45361 45.51833 129.45363 45.95782 curveto
129.45361 58.52298 lineto
129.45352 58.83226 129.1063 59.02003 128.82681 58.8587 curveto
117.54066 52.34259 lineto
117.14613 52.11473 116.65971 52.12732 116.26448 52.35551 curveto
104.57259 59.1058 lineto
104.17734 59.334 103.6909 59.34659 103.29637 59.11873 curveto
92.00992 52.60254 lineto
91.62857 52.3824 91.38307 51.98233 91.38304 51.54283 curveto
91.38307 38.97768 lineto
91.38316 38.6684 91.7304 38.48062 92.00986 38.64195 curveto
103.2962 45.15794 lineto
103.69073 45.38582 104.17717 45.37323 104.5724 45.14503 curveto closepath
[0.86603 -0.5 0.5 0.86603 0 0] concat stroke grestore
 0 0.5 0 setrgbcolor
newpath 155.28099 44.13197 moveto
144.39873 37.84941 lineto
144.13115 37.69495 144.15309 37.2935 144.44388 37.12561 curveto
156.1359 30.37552 lineto
156.4239 30.20923 156.41292 29.78557 156.11316 29.61241 curveto
144.0165 22.62814 lineto
143.62007 22.39926 143.3444 21.99733 143.34438 21.54224 curveto
143.34439 8.97708 lineto
143.34438 8.66072 143.76552 8.52225 144.12317 8.72884 curveto
158.13976 16.82205 lineto
159.39403 17.54567 lineto
167.94983 22.48622 lineto
168.28996 22.68259 168.42534 23.08597 168.42535 23.48425 curveto
168.4252 36.51701 lineto
168.42511 36.96504 168.1864 37.37877 167.7985 37.60274 curveto
156.51196 44.119 lineto
156.13058 44.33919 155.6616 44.35175 155.28099 44.13197 curveto closepath fill
 0 setgray
gsave newpath 155.28099 44.13197 moveto
144.39873 37.84941 lineto
144.13115 37.69495 144.15309 37.2935 144.44388 37.12561 curveto
156.1359 30.37552 lineto
156.4239 30.20923 156.41292 29.78557 156.11316 29.61241 curveto
144.0165 22.62814 lineto
143.62007 22.39926 143.3444 21.99733 143.34438 21.54224 curveto
143.34439 8.97708 lineto
143.34438 8.66072 143.76552 8.52225 144.12317 8.72884 curveto
158.13976 16.82205 lineto
159.39403 17.54567 lineto
167.94983 22.48622 lineto
168.28996 22.68259 168.42534 23.08597 168.42535 23.48425 curveto
168.4252 36.51701 lineto
168.42511 36.96504 168.1864 37.37877 167.7985 37.60274 curveto
156.51196 44.119 lineto
156.13058 44.33919 155.6616 44.35175 155.28099 44.13197 curveto closepath
[0.86603 -0.5 0.5 0.86603 0 0] concat stroke grestore
 0 0.5 0 setrgbcolor
newpath 116.46364 -6.69093 moveto
116.46402 3.19197 lineto
116.46356 4.64001 lineto
116.46368 20.82086 lineto
116.46378 21.2339 116.13327 21.52937 115.85931 21.37119 curveto
104.9777 15.0893 lineto
104.5836 14.86172 104.37337 14.42203 104.37337 13.96428 curveto
104.37383 -0.0032 lineto
104.37375 -0.34938 104.01233 -0.57072 103.72432 -0.40445 curveto
92.03242 6.34586 lineto
91.74164 6.51373 91.38301 6.33202 91.38303 6.02307 curveto
91.38313 -6.54242 lineto
91.38312 -6.98192 91.62848 -7.38179 92.00986 -7.60197 curveto
103.29639 -14.11824 lineto
103.6843 -14.34221 104.16196 -14.34206 104.55 -14.11813 curveto
115.83685 -7.60216 lineto
116.18178 -7.40302 116.46353 -7.08388 116.46364 -6.69093 curveto closepath fill
 0 setgray
gsave newpath 116.46364 -6.69093 moveto
116.46402 3.19197 lineto
116.46356 4.64001 lineto
116.46368 20.82086 lineto
116.46378 21.2339 116.13327 21.52937 115.85931 21.37119 curveto
104.9777 15.0893 lineto
104.5836 14.86172 104.37337 14.42203 104.37337 13.96428 curveto
104.37383 -0.0032 lineto
104.37375 -0.34938 104.01233 -0.57072 103.72432 -0.40445 curveto
92.03242 6.34586 lineto
91.74164 6.51373 91.38301 6.33202 91.38303 6.02307 curveto
91.38313 -6.54242 lineto
91.38312 -6.98192 91.62848 -7.38179 92.00986 -7.60197 curveto
103.29639 -14.11824 lineto
103.6843 -14.34221 104.16196 -14.34206 104.55 -14.11813 curveto
115.83685 -7.60216 lineto
116.18178 -7.40302 116.46353 -7.08388 116.46364 -6.69093 curveto closepath
[0.86603 -0.5 0.5 0.86603 0 0] concat stroke grestore
 0.3 1 0.3 setrgbcolor
newpath 77.76582 14.37837 moveto
66.47882 7.86168 lineto
66.19934 7.70035 66.18855 7.30539 66.45674 7.15054 curveto
77.33792 0.86832 lineto
77.72523 0.6447 78.20328 0.66974 78.59215 0.89423 curveto
90.28357 7.64444 lineto
90.67894 7.87285 91.16574 7.88518 91.5604 7.65732 curveto
102.84715 1.14145 lineto
103.12663 0.98009 103.47406 1.16801 103.47406 1.47748 curveto
103.47415 14.04286 lineto
103.47421 14.48605 103.22107 14.88669 102.83614 15.10893 curveto
91.346 21.74223 lineto
90.09187 22.46631 lineto
79.00812 28.8655 lineto
78.73497 29.0232 78.39265 28.81937 78.39258 28.49698 curveto
78.39273 15.4642 lineto
78.3928 15.01619 78.15385 14.60231 77.76582 14.37837 curveto closepath fill
 0 setgray
gsave newpath 77.76582 14.37837 moveto
66.47882 7.86168 lineto
66.19934 7.70035 66.18855 7.30539 66.45674 7.15054 curveto
77.33792 0.86832 lineto
77.72523 0.6447 78.20328 0.66974 78.59215 0.89423 curveto
90.28357 7.64444 lineto
90.67894 7.87285 91.16574 7.88518 91.5604 7.65732 curveto
102.84715 1.14145 lineto
103.12663 0.98009 103.47406 1.16801 103.47406 1.47748 curveto
103.47415 14.04286 lineto
103.47421 14.48605 103.22107 14.88669 102.83614 15.10893 curveto
91.346 21.74223 lineto
90.09187 22.46631 lineto
79.00812 28.8655 lineto
78.73497 29.0232 78.39265 28.81937 78.39258 28.49698 curveto
78.39273 15.4642 lineto
78.3928 15.01619 78.15385 14.60231 77.76582 14.37837 curveto closepath
[0.86603 -0.5 0.5 0.86603 0 0] concat stroke grestore
 0.3 1 0.3 setrgbcolor
newpath 181.416 15.98465 moveto
181.41562 29.01701 lineto
181.41559 29.45734 181.1917 29.8702 180.81091 30.09003 curveto
169.92993 36.37215 lineto
169.66194 36.52687 169.3256 36.32014 169.3255 35.99722 curveto
169.32565 22.96446 lineto
169.32579 22.50874 169.07138 22.09375 168.67612 21.86551 curveto
156.98401 15.11546 lineto
156.59512 14.89096 156.33447 14.48987 156.3345 14.04266 curveto
156.33507 1.47798 lineto
156.33516 1.1687 156.68239 0.98093 156.96187 1.14227 curveto
168.24841 7.65814 lineto
168.63644 7.8821 169.11449 7.882 169.50241 7.65805 curveto
180.78894 1.14178 lineto
181.06743 0.98099 181.41585 1.1821 181.41579 1.50377 curveto
181.41586 14.53694 lineto
 closepath fill
 0 setgray
gsave newpath 181.416 15.98465 moveto
181.41562 29.01701 lineto
181.41559 29.45734 181.1917 29.8702 180.81091 30.09003 curveto
169.92993 36.37215 lineto
169.66194 36.52687 169.3256 36.32014 169.3255 35.99722 curveto
169.32565 22.96446 lineto
169.32579 22.50874 169.07138 22.09375 168.67612 21.86551 curveto
156.98401 15.11546 lineto
156.59512 14.89096 156.33447 14.48987 156.3345 14.04266 curveto
156.33507 1.47798 lineto
156.33516 1.1687 156.68239 0.98093 156.96187 1.14227 curveto
168.24841 7.65814 lineto
168.63644 7.8821 169.11449 7.882 169.50241 7.65805 curveto
180.78894 1.14178 lineto
181.06743 0.98099 181.41585 1.1821 181.41579 1.50377 curveto
181.41586 14.53694 lineto
 closepath
[0.86603 -0.5 0.5 0.86603 0 0] concat stroke grestore
 0.45 0.2 0.1 setrgbcolor
newpath 167.46191 -37.20326 moveto
150.12755 -27.1953 lineto
148.51544 -26.26454 lineto
136.82365 -19.51456 lineto
135.8835 -18.97177 lineto
130.64459 -15.9471 lineto
130.44876 -15.83403 130.35382 -16.1463 130.35378 -16.4769 curveto
130.35388 -29.04239 lineto
130.35382 -29.48558 130.60696 -29.88623 130.9919 -30.10847 curveto
142.48141 -36.74193 lineto
143.76884 -37.48521 lineto
155.46063 -44.2352 lineto
156.72606 -44.96579 lineto
167.80981 -51.36499 lineto
168.08376 -51.52315 168.4252 -51.3323 168.42532 -51.02263 curveto
168.42522 -38.45714 lineto
168.42528 -37.89583 167.95805 -37.48972 167.46191 -37.20326 curveto closepath
 fill
 0 setgray
gsave newpath 167.46191 -37.20326 moveto
150.12755 -27.1953 lineto
148.51544 -26.26454 lineto
136.82365 -19.51456 lineto
135.8835 -18.97177 lineto
130.64459 -15.9471 lineto
130.44876 -15.83403 130.35382 -16.1463 130.35378 -16.4769 curveto
130.35388 -29.04239 lineto
130.35382 -29.48558 130.60696 -29.88623 130.9919 -30.10847 curveto
142.48141 -36.74193 lineto
143.76884 -37.48521 lineto
155.46063 -44.2352 lineto
156.72606 -44.96579 lineto
167.80981 -51.36499 lineto
168.08376 -51.52315 168.4252 -51.3323 168.42532 -51.02263 curveto
168.42522 -38.45714 lineto
168.42528 -37.89583 167.95805 -37.48972 167.46191 -37.20326 curveto closepath
[0.86603 -0.5 0.5 0.86603 0 0] concat stroke grestore
 0.45 0.2 0.1 setrgbcolor
newpath 113.16573 -39.1444 moveto
116.50311 -37.21733 lineto
117.3272 -36.74167 lineto
128.81543 -30.10808 lineto
129.2004 -29.88579 129.4537 -29.48549 129.45375 -29.0423 curveto
129.45349 -16.47752 lineto
129.45343 -16.16774 129.11182 -15.97711 128.83755 -16.13539 curveto
117.75471 -22.5342 lineto
117.59102 -22.62865 117.18651 -22.86237 117.45132 -22.70947 curveto
123.07486 -19.46262 lineto
124.19882 -18.8136 122.48138 -19.80527 121.78677 -20.20636 curveto
92.98283 -36.83606 lineto
92.25964 -37.2537 91.38307 -37.64037 91.38304 -38.45755 curveto
91.38307 -51.0227 lineto
91.38306 -51.4173 91.9525 -51.39139 92.46301 -51.09676 curveto
111.90028 -39.87505 lineto
 closepath fill
 0 setgray
gsave newpath 113.16573 -39.1444 moveto
116.50311 -37.21733 lineto
117.3272 -36.74167 lineto
128.81543 -30.10808 lineto
129.2004 -29.88579 129.4537 -29.48549 129.45375 -29.0423 curveto
129.45349 -16.47752 lineto
129.45343 -16.16774 129.11182 -15.97711 128.83755 -16.13539 curveto
117.75471 -22.5342 lineto
117.59102 -22.62865 117.18651 -22.86237 117.45132 -22.70947 curveto
123.07486 -19.46262 lineto
124.19882 -18.8136 122.48138 -19.80527 121.78677 -20.20636 curveto
92.98283 -36.83606 lineto
92.25964 -37.2537 91.38307 -37.64037 91.38304 -38.45755 curveto
91.38307 -51.0227 lineto
91.38306 -51.4173 91.9525 -51.39139 92.46301 -51.09676 curveto
111.90028 -39.87505 lineto
 closepath
[0.86603 -0.5 0.5 0.86603 0 0] concat stroke grestore
 1 0.5 0.2 setrgbcolor
newpath 91.57135 -36.61157 moveto
103.06 -29.9782 lineto
104.3369 -29.24147 lineto
115.82533 -22.60799 lineto
116.2103 -22.38571 116.46361 -21.98541 116.46364 -21.54222 curveto
116.46362 -8.97704 lineto
116.46356 -8.66727 116.12193 -8.47662 115.84767 -8.6349 curveto
104.7644 -15.034 lineto
103.48752 -15.77074 lineto
91.59381 -22.6383 lineto
91.19482 -22.86887 90.70396 -22.88728 90.30594 -22.65749 curveto
79.01941 -16.14122 lineto
78.73993 -15.97986 78.39262 -16.16759 78.39261 -16.47707 curveto
78.39272 -29.04254 lineto
78.3927 -29.48204 78.63806 -29.88193 79.01944 -30.10211 curveto
90.30597 -36.61838 lineto
90.69725 -36.84428 91.17972 -36.83766 91.57135 -36.61157 curveto closepath fill
 0 setgray
gsave newpath 91.57135 -36.61157 moveto
103.06 -29.9782 lineto
104.3369 -29.24147 lineto
115.82533 -22.60799 lineto
116.2103 -22.38571 116.46361 -21.98541 116.46364 -21.54222 curveto
116.46362 -8.97704 lineto
116.46356 -8.66727 116.12193 -8.47662 115.84767 -8.6349 curveto
104.7644 -15.034 lineto
103.48752 -15.77074 lineto
91.59381 -22.6383 lineto
91.19482 -22.86887 90.70396 -22.88728 90.30594 -22.65749 curveto
79.01941 -16.14122 lineto
78.73993 -15.97986 78.39262 -16.16759 78.39261 -16.47707 curveto
78.39272 -29.04254 lineto
78.3927 -29.48204 78.63806 -29.88193 79.01944 -30.10211 curveto
90.30597 -36.61838 lineto
90.69725 -36.84428 91.17972 -36.83766 91.57135 -36.61157 curveto closepath
[0.86603 -0.5 0.5 0.86603 0 0] concat stroke grestore
 1 0.5 0.2 setrgbcolor
newpath 180.78954 -16.14104 moveto
169.50237 -22.65709 lineto
169.10446 -22.88669 168.61389 -22.86801 168.21487 -22.63763 curveto
156.32068 -15.77081 lineto
155.04396 -15.03369 lineto
143.9602 -8.6345 lineto
143.68626 -8.47635 143.34482 -8.66719 143.3447 -8.97687 curveto
143.3444 -21.54213 lineto
143.34436 -21.98532 143.59749 -22.38597 143.98242 -22.60822 curveto
155.47194 -29.24167 lineto
156.74806 -29.97844 lineto
168.23718 -36.61166 lineto
168.62866 -36.83768 169.11086 -36.84386 169.50209 -36.61807 curveto
180.78897 -30.10158 lineto
181.17032 -29.88144 181.41582 -29.4814 181.41585 -29.0419 curveto
181.41634 -16.47675 lineto
181.41624 -16.16747 181.06902 -15.97969 180.78954 -16.14104 curveto closepath
 fill
 0 setgray
gsave newpath 180.78954 -16.14104 moveto
169.50237 -22.65709 lineto
169.10446 -22.88669 168.61389 -22.86801 168.21487 -22.63763 curveto
156.32068 -15.77081 lineto
155.04396 -15.03369 lineto
143.9602 -8.6345 lineto
143.68626 -8.47635 143.34482 -8.66719 143.3447 -8.97687 curveto
143.3444 -21.54213 lineto
143.34436 -21.98532 143.59749 -22.38597 143.98242 -22.60822 curveto
155.47194 -29.24167 lineto
156.74806 -29.97844 lineto
168.23718 -36.61166 lineto
168.62866 -36.83768 169.11086 -36.84386 169.50209 -36.61807 curveto
180.78897 -30.10158 lineto
181.17032 -29.88144 181.41582 -29.4814 181.41585 -29.0419 curveto
181.41634 -16.47675 lineto
181.41624 -16.16747 181.06902 -15.97969 180.78954 -16.14104 curveto closepath
[0.86603 -0.5 0.5 0.86603 0 0] concat stroke grestore
 0.3 0.3 1 setrgbcolor
newpath 182.31589 13.47102 moveto
182.31601 -0.02873 lineto
182.3162 -0.3621 181.95515 -0.57045 181.66655 -0.40382 curveto
169.97473 6.34616 lineto
169.68454 6.5137 169.32549 6.32483 169.32544 6.00983 curveto
169.32509 -6.78902 lineto
169.32523 -8.21152 lineto
169.32512 -21.00945 lineto
169.32513 -21.3303 169.74721 -21.47726 170.104 -21.27124 curveto
184.12059 -13.17801 lineto
185.37486 -12.45439 lineto
193.93066 -7.51384 lineto
194.2708 -7.31747 194.40617 -6.9141 194.40619 -6.51581 curveto
194.40604 6.51695 lineto
194.406 6.95728 194.18211 7.37013 193.80133 7.58997 curveto
182.92035 13.87209 lineto
182.65276 14.02658 182.31586 13.80696 182.31589 13.47102 curveto closepath fill
 0 setgray
gsave newpath 182.31589 13.47102 moveto
182.31601 -0.02873 lineto
182.3162 -0.3621 181.95515 -0.57045 181.66655 -0.40382 curveto
169.97473 6.34616 lineto
169.68454 6.5137 169.32549 6.32483 169.32544 6.00983 curveto
169.32509 -6.78902 lineto
169.32523 -8.21152 lineto
169.32512 -21.00945 lineto
169.32513 -21.3303 169.74721 -21.47726 170.104 -21.27124 curveto
184.12059 -13.17801 lineto
185.37486 -12.45439 lineto
193.93066 -7.51384 lineto
194.2708 -7.31747 194.40617 -6.9141 194.40619 -6.51581 curveto
194.40604 6.51695 lineto
194.406 6.95728 194.18211 7.37013 193.80133 7.58997 curveto
182.92035 13.87209 lineto
182.65276 14.02658 182.31586 13.80696 182.31589 13.47102 curveto closepath
[0.86603 -0.5 0.5 0.86603 0 0] concat stroke grestore
 0.3 0.3 1 setrgbcolor
newpath 143.98262 -7.60826 moveto
155.47174 -14.24149 lineto
156.72586 -14.96556 lineto
167.80942 -21.36464 lineto
168.08257 -21.52234 168.4249 -21.31853 168.42497 -20.99612 curveto
168.42502 -7.96347 lineto
168.42511 -6.5419 lineto
168.4251 6.02325 lineto
168.42508 6.33223 168.06662 6.51381 167.77568 6.34587 curveto
156.08406 -0.40422 lineto
155.79546 -0.57086 155.43471 -0.36258 155.43471 -0.02931 curveto
155.4347 13.47066 lineto
155.43466 13.8066 155.09818 14.02623 154.8306 13.87177 curveto
143.94896 7.58937 lineto
143.56836 7.36958 143.34465 6.95695 143.34468 6.51663 curveto
143.34464 -6.51602 lineto
143.3447 -6.96774 143.59114 -7.38225 143.98262 -7.60826 curveto closepath fill
 0 setgray
gsave newpath 143.98262 -7.60826 moveto
155.47174 -14.24149 lineto
156.72586 -14.96556 lineto
167.80942 -21.36464 lineto
168.08257 -21.52234 168.4249 -21.31853 168.42497 -20.99612 curveto
168.42502 -7.96347 lineto
168.42511 -6.5419 lineto
168.4251 6.02325 lineto
168.42508 6.33223 168.06662 6.51381 167.77568 6.34587 curveto
156.08406 -0.40422 lineto
155.79546 -0.57086 155.43471 -0.36258 155.43471 -0.02931 curveto
155.4347 13.47066 lineto
155.43466 13.8066 155.09818 14.02623 154.8306 13.87177 curveto
143.94896 7.58937 lineto
143.56836 7.36958 143.34465 6.95695 143.34468 6.51663 curveto
143.34464 -6.51602 lineto
143.3447 -6.96774 143.59114 -7.38225 143.98262 -7.60826 curveto closepath
[0.86603 -0.5 0.5 0.86603 0 0] concat stroke grestore
 0.1 0 0.5 setrgbcolor
newpath 130.3546 -47.15172 moveto
130.3545 -58.58594 lineto
130.35461 -58.86772 130.6985 -59.02238 130.98148 -58.8591 curveto
142.26785 -52.34259 lineto
142.66237 -52.11473 143.14882 -52.12732 143.54405 -52.35551 curveto
155.23618 -59.10542 lineto
155.62488 -59.32983 156.10257 -59.35481 156.48985 -59.13124 curveto
167.37231 -52.84879 lineto
167.64044 -52.69385 167.6348 -52.30261 167.36046 -52.14423 curveto
156.27571 -45.74446 lineto
155.01088 -45.0142 lineto
143.31897 -38.26442 lineto
142.05354 -37.53383 lineto
130.96979 -31.13464 lineto
130.69724 -30.97728 130.35426 -31.21243 130.35437 -31.56612 curveto
130.35411 -45.72983 lineto
 closepath fill
 0 setgray
gsave newpath 130.3546 -47.15172 moveto
130.3545 -58.58594 lineto
130.35461 -58.86772 130.6985 -59.02238 130.98148 -58.8591 curveto
142.26785 -52.34259 lineto
142.66237 -52.11473 143.14882 -52.12732 143.54405 -52.35551 curveto
155.23618 -59.10542 lineto
155.62488 -59.32983 156.10257 -59.35481 156.48985 -59.13124 curveto
167.37231 -52.84879 lineto
167.64044 -52.69385 167.6348 -52.30261 167.36046 -52.14423 curveto
156.27571 -45.74446 lineto
155.01088 -45.0142 lineto
143.31897 -38.26442 lineto
142.05354 -37.53383 lineto
130.96979 -31.13464 lineto
130.69724 -30.97728 130.35426 -31.21243 130.35437 -31.56612 curveto
130.35411 -45.72983 lineto
 closepath
[0.86603 -0.5 0.5 0.86603 0 0] concat stroke grestore
 0.1 0 0.5 setrgbcolor
newpath 115.31445 -38.94244 moveto
101.36598 -46.99596 lineto
100.15372 -47.69627 lineto
92.27104 -52.24684 lineto
92.0673 -52.36444 92.15765 -52.68724 92.43793 -52.84906 curveto
103.31868 -59.13158 lineto
103.706 -59.3552 104.18362 -59.32993 104.57251 -59.10541 curveto
116.26411 -52.35533 lineto
116.65968 -52.12701 117.14629 -52.1146 117.54094 -52.34245 curveto
128.82764 -58.85934 lineto
129.1089 -59.02173 129.45416 -58.85265 129.4541 -58.55978 curveto
129.45367 -46.65773 lineto
129.45412 -45.23558 lineto
129.45393 -31.54047 lineto
129.45401 -31.2025 129.08316 -30.9934 128.78583 -31.16505 curveto
116.75803 -38.10927 lineto
 closepath fill
 0 setgray
gsave newpath 115.31445 -38.94244 moveto
101.36598 -46.99596 lineto
100.15372 -47.69627 lineto
92.27104 -52.24684 lineto
92.0673 -52.36444 92.15765 -52.68724 92.43793 -52.84906 curveto
103.31868 -59.13158 lineto
103.706 -59.3552 104.18362 -59.32993 104.57251 -59.10541 curveto
116.26411 -52.35533 lineto
116.65968 -52.12701 117.14629 -52.1146 117.54094 -52.34245 curveto
128.82764 -58.85934 lineto
129.1089 -59.02173 129.45416 -58.85265 129.4541 -58.55978 curveto
129.45367 -46.65773 lineto
129.45412 -45.23558 lineto
129.45393 -31.54047 lineto
129.45401 -31.2025 129.08316 -30.9934 128.78583 -31.16505 curveto
116.75803 -38.10927 lineto
 closepath
[0.86603 -0.5 0.5 0.86603 0 0] concat stroke grestore
gsave newpath 89.83339 -37.38472 moveto
78.1417 -30.63454 lineto
77.73991 -30.40257 77.49248 -29.97374 77.49245 -29.50963 curveto
77.49223 -16.00957 lineto
77.4922 -15.54546 77.24477 -15.11664 76.84297 -14.88466 curveto
65.15128 -8.13448 lineto
64.74275 -7.89862 64.502 -7.45595 64.50206 -6.98343 curveto
64.50182 6.98395 lineto
64.50177 7.45676 64.74277 7.89934 65.1514 8.13516 curveto
76.84288 14.88506 lineto
77.24484 15.11708 77.4925 15.54602 77.49245 16.01013 curveto
77.49225 29.51021 lineto
77.49222 29.97432 77.73987 30.40326 78.14182 30.63528 curveto
89.8333 37.38518 lineto
90.23526 37.6172 90.48291 38.04614 90.48286 38.51027 curveto
90.48267 52.01033 lineto
90.48259 52.48215 90.74536 52.91212 91.15488 53.14853 curveto
103.25107 60.132 lineto
103.66025 60.36832 104.16399 60.38115 104.57251 60.1453 curveto
116.2642 53.39511 lineto
116.666 53.16313 117.16109 53.16327 117.56303 53.3953 curveto
129.25453 60.14519 lineto
129.65648 60.37721 130.15157 60.37732 130.55334 60.14536 curveto
142.24504 53.39517 lineto
142.64684 53.1632 143.14192 53.16333 143.54387 53.39536 curveto
155.23537 60.14525 lineto
155.64401 60.38107 156.14746 60.3687 156.55678 60.13239 curveto
168.65364 53.14828 lineto
169.06296 52.91196 169.32541 52.48213 169.32549 52.01033 curveto
169.3257 38.51025 lineto
169.32573 38.04614 169.57317 37.61731 169.97496 37.38535 curveto
181.66666 30.63516 lineto
182.06844 30.40318 182.31587 29.97438 182.3159 29.51027 curveto
182.31612 16.0102 lineto
182.31615 15.54608 182.56358 15.11725 182.96538 14.88528 curveto
194.65707 8.1351 lineto
195.0656 7.89923 195.30637 7.45656 195.3063 6.98404 curveto
195.30655 -6.9833 lineto
195.30658 -7.45615 195.0656 -7.89871 194.65695 -8.13455 curveto
182.96547 -14.88443 lineto
182.5635 -15.11647 182.31586 -15.54541 182.3159 -16.00952 curveto
182.3161 -29.5096 lineto
182.31613 -29.97371 182.06848 -30.40265 181.66653 -30.63467 curveto
169.97505 -37.38457 lineto
169.57309 -37.6166 169.32544 -38.04553 169.32549 -38.50964 curveto
169.32568 -52.00972 lineto
169.32578 -52.48152 169.06299 -52.91151 168.65349 -53.14789 curveto
156.5573 -60.1314 lineto
156.14812 -60.3677 155.64436 -60.38054 155.23584 -60.14467 curveto
143.54414 -53.39449 lineto
143.14235 -53.16252 142.64726 -53.16264 142.24532 -53.39467 curveto
130.55382 -60.14455 lineto
130.15187 -60.37657 129.65678 -60.37671 129.255 -60.14473 curveto
117.56331 -53.39455 lineto
117.16151 -53.16258 116.66643 -53.1627 116.26448 -53.39473 curveto
104.57298 -60.1446 lineto
104.16434 -60.38045 103.66089 -60.36807 103.25157 -60.13174 curveto
91.15471 -53.14764 lineto
90.74539 -52.91133 90.48294 -52.4815 90.48286 -52.00969 curveto
90.48265 -38.50963 lineto
90.48262 -38.04552 90.23518 -37.6167 89.83339 -37.38472 curveto closepath
[0.86603 -0.5 0.5 0.86603 0 0] concat stroke grestore
showpage
%%EOF
