%!PS
%%BoundingBox: -1 44 157 136 
%%HiResBoundingBox: -0.6948 44.43448 156.5798 135.5659 
%%Creator: MetaPost 0.901
%%CreationDate: 2008.09.19:1140
%%Pages: 1
%%BeginProlog
%%EndProlog
%%Page: 1 1
 1 0.5 0.5 setrgbcolor
newpath 25.73007 90.37514 moveto
37.42177 97.12532 lineto
37.71255 97.29321 37.7345 97.69466 37.46692 97.84912 curveto
26.58485 104.13179 lineto
26.20107 104.35342 25.72752 104.33455 25.34259 104.1123 curveto
13.85327 97.47896 lineto
12.59915 96.7549 lineto
1.5154 90.3557 lineto
1.24225 90.198 1.24759 89.79962 1.52675 89.63837 curveto
12.81438 83.12152 lineto
14.06805 82.39755 lineto
25.35417 75.88194 lineto
25.73552 75.6618 26.205 75.64928 26.58578 75.86913 curveto
37.46677 82.15125 lineto
37.73436 82.30574 37.7126 82.70732 37.42166 82.87526 curveto
25.73018 89.62514 lineto
25.44136 89.79167 25.44147 90.20851 25.73007 90.37514 curveto closepath fill
 0 setgray 0 0.5 dtransform truncate idtransform setlinewidth pop [] 0 setdash
 1 setlinejoin 10 setmiterlimit
gsave newpath 25.73007 90.37514 moveto
37.42177 97.12532 lineto
37.71255 97.29321 37.7345 97.69466 37.46692 97.84912 curveto
26.58485 104.13179 lineto
26.20107 104.35342 25.72752 104.33455 25.34259 104.1123 curveto
13.85327 97.47896 lineto
12.59915 96.7549 lineto
1.5154 90.3557 lineto
1.24225 90.198 1.24759 89.79962 1.52675 89.63837 curveto
12.81438 83.12152 lineto
14.06805 82.39755 lineto
25.35417 75.88194 lineto
25.73552 75.6618 26.205 75.64928 26.58578 75.86913 curveto
37.46677 82.15125 lineto
37.73436 82.30574 37.7126 82.70732 37.42166 82.87526 curveto
25.73018 89.62514 lineto
25.44136 89.79167 25.44147 90.20851 25.73007 90.37514 curveto closepath
[0.86603 0.5 -0.5 0.86603 0 0] concat stroke grestore
 1 1 0 setrgbcolor
newpath 54.05043 59.31429 moveto
63.95268 53.59708 lineto
64.19678 53.45628 64.50267 53.67674 64.50275 54.00345 curveto
64.5025 67.03601 lineto
64.50247 67.4842 64.74167 67.89798 65.12979 68.12206 curveto
76.41609 74.63872 lineto
76.69458 74.7995 76.69464 75.2018 76.41603 75.36256 curveto
65.12976 81.87889 lineto
63.89871 82.58975 lineto
53.01625 88.87221 lineto
52.74837 89.02675 52.41212 88.81995 52.41211 88.49724 curveto
52.41176 75.46436 lineto
52.41168 75.01633 52.17259 74.60237 51.78467 74.3784 curveto
40.49814 67.86214 lineto
40.22063 67.70192 40.2472 67.2833 40.5528 67.10692 curveto
52.81877 60.02481 lineto
 closepath fill
 0 setgray
gsave newpath 54.05043 59.31429 moveto
63.95268 53.59708 lineto
64.19678 53.45628 64.50267 53.67674 64.50275 54.00345 curveto
64.5025 67.03601 lineto
64.50247 67.4842 64.74167 67.89798 65.12979 68.12206 curveto
76.41609 74.63872 lineto
76.69458 74.7995 76.69464 75.2018 76.41603 75.36256 curveto
65.12976 81.87889 lineto
63.89871 82.58975 lineto
53.01625 88.87221 lineto
52.74837 89.02675 52.41212 88.81995 52.41211 88.49724 curveto
52.41176 75.46436 lineto
52.41168 75.01633 52.17259 74.60237 51.78467 74.3784 curveto
40.49814 67.86214 lineto
40.22063 67.70192 40.2472 67.2833 40.5528 67.10692 curveto
52.81877 60.02481 lineto
 closepath
[0.86603 0.5 -0.5 0.86603 0 0] concat stroke grestore
 1 0.35 0.5 setrgbcolor
newpath 39.6206 98.39482 moveto
51.31299 105.14514 lineto
51.71478 105.37712 52.20987 105.37698 52.61182 105.14496 curveto
64.30363 98.395 lineto
64.6925 98.17049 65.17055 98.14545 65.55786 98.36906 curveto
76.43884 104.65118 lineto
76.71852 104.81267 77.14806 104.93935 76.8914 105.08769 curveto
74.1612 106.6644 lineto
72.90683 107.38824 lineto
53.06427 118.84456 lineto
52.51042 119.16437 51.86546 119.42499 51.32393 119.11234 curveto
39.8343 112.47908 lineto
38.58018 111.755 lineto
27.49643 105.35582 lineto
27.22249 105.19766 27.21704 104.80653 27.48517 104.65158 curveto
38.36703 98.3688 lineto
38.75432 98.14522 39.2319 98.1704 39.6206 98.39482 curveto closepath fill
 0 setgray
gsave newpath 39.6206 98.39482 moveto
51.31299 105.14514 lineto
51.71478 105.37712 52.20987 105.37698 52.61182 105.14496 curveto
64.30363 98.395 lineto
64.6925 98.17049 65.17055 98.14545 65.55786 98.36906 curveto
76.43884 104.65118 lineto
76.71852 104.81267 77.14806 104.93935 76.8914 105.08769 curveto
74.1612 106.6644 lineto
72.90683 107.38824 lineto
53.06427 118.84456 lineto
52.51042 119.16437 51.86546 119.42499 51.32393 119.11234 curveto
39.8343 112.47908 lineto
38.58018 111.755 lineto
27.49643 105.35582 lineto
27.22249 105.19766 27.21704 104.80653 27.48517 104.65158 curveto
38.36703 98.3688 lineto
38.75432 98.14522 39.2319 98.1704 39.6206 98.39482 curveto closepath
[0.86603 0.5 -0.5 0.86603 0 0] concat stroke grestore
 0 0 0.2 setrgbcolor
newpath 129.45393 90.98361 moveto
129.45409 104.01639 lineto
129.45418 104.4644 129.21523 104.87828 128.82718 105.10222 curveto
117.5404 111.6185 lineto
117.15237 111.84244 116.67471 111.84259 116.2868 111.61862 curveto
105.00027 105.10236 lineto
104.61237 104.8784 104.37366 104.46466 104.37357 104.01665 curveto
104.37341 90.98387 lineto
104.37334 90.53586 104.61229 90.12198 105.00032 89.89804 curveto
116.2871 83.38176 lineto
116.67514 83.1578 117.1528 83.15767 117.54071 83.38162 curveto
128.82724 89.89789 lineto
129.21515 90.12186 129.45386 90.53558 129.45393 90.98361 curveto closepath fill
 0 setgray
gsave newpath 129.45393 90.98361 moveto
129.45409 104.01639 lineto
129.45418 104.4644 129.21523 104.87828 128.82718 105.10222 curveto
117.5404 111.6185 lineto
117.15237 111.84244 116.67471 111.84259 116.2868 111.61862 curveto
105.00027 105.10236 lineto
104.61237 104.8784 104.37366 104.46466 104.37357 104.01665 curveto
104.37341 90.98387 lineto
104.37334 90.53586 104.61229 90.12198 105.00032 89.89804 curveto
116.2871 83.38176 lineto
116.67514 83.1578 117.1528 83.15767 117.54071 83.38162 curveto
128.82724 89.89789 lineto
129.21515 90.12186 129.45386 90.53558 129.45393 90.98361 curveto closepath
[0.86603 0.5 -0.5 0.86603 0 0] concat stroke grestore
 1 0.65 0.7 setrgbcolor
newpath 67.06346 81.80124 moveto
77.37115 75.85057 lineto
77.73476 75.64056 78.18355 75.65836 78.54828 75.86893 curveto
89.42926 82.15105 lineto
89.69725 82.30577 89.68637 82.70044 89.40678 82.86197 curveto
78.1197 89.37834 lineto
77.73166 89.60228 77.4927 90.01616 77.4928 90.46417 curveto
77.493 103.49779 lineto
77.49307 103.81946 77.14445 104.02043 76.86557 103.85942 curveto
65.57867 97.3424 lineto
65.19075 97.11845 64.7131 97.11859 64.32506 97.34254 curveto
53.0386 103.85875 lineto
52.75912 104.02008 52.4119 103.83229 52.4118 103.52303 curveto
52.41179 90.95786 lineto
52.41167 90.49158 52.70871 90.08878 53.11575 89.85388 curveto
65.78658 82.53798 lineto
 closepath fill
 0 setgray
gsave newpath 67.06346 81.80124 moveto
77.37115 75.85057 lineto
77.73476 75.64056 78.18355 75.65836 78.54828 75.86893 curveto
89.42926 82.15105 lineto
89.69725 82.30577 89.68637 82.70044 89.40678 82.86197 curveto
78.1197 89.37834 lineto
77.73166 89.60228 77.4927 90.01616 77.4928 90.46417 curveto
77.493 103.49779 lineto
77.49307 103.81946 77.14445 104.02043 76.86557 103.85942 curveto
65.57867 97.3424 lineto
65.19075 97.11845 64.7131 97.11859 64.32506 97.34254 curveto
53.0386 103.85875 lineto
52.75912 104.02008 52.4119 103.83229 52.4118 103.52303 curveto
52.41179 90.95786 lineto
52.41167 90.49158 52.70871 90.08878 53.11575 89.85388 curveto
65.78658 82.53798 lineto
 closepath
[0.86603 0.5 -0.5 0.86603 0 0] concat stroke grestore
 0.9 0.1 0 setrgbcolor
newpath 91.58237 67.64456 moveto
103.27386 60.89468 lineto
103.66911 60.66646 104.15564 60.65372 104.5501 60.88145 curveto
115.83643 67.3976 lineto
116.2178 67.61778 116.46318 68.01767 116.46315 68.45717 curveto
116.46326 81.02264 lineto
116.46317 81.33182 116.11594 81.51985 115.83626 81.35838 curveto
104.54973 74.84212 lineto
104.15527 74.61438 103.66875 74.6271 103.2735 74.85535 curveto
91.582 81.60522 lineto
91.18674 81.83345 90.70023 81.84619 90.30577 81.61845 curveto
79.01944 75.1023 lineto
78.63806 74.88211 78.39268 74.48222 78.39272 74.04272 curveto
78.39261 61.47725 lineto
78.3927 61.16809 78.73993 60.98004 79.0196 61.14153 curveto
90.30614 67.65779 lineto
90.70059 67.88553 91.1871 67.87279 91.58237 67.64456 curveto closepath fill
 0 setgray
gsave newpath 91.58237 67.64456 moveto
103.27386 60.89468 lineto
103.66911 60.66646 104.15564 60.65372 104.5501 60.88145 curveto
115.83643 67.3976 lineto
116.2178 67.61778 116.46318 68.01767 116.46315 68.45717 curveto
116.46326 81.02264 lineto
116.46317 81.33182 116.11594 81.51985 115.83626 81.35838 curveto
104.54973 74.84212 lineto
104.15527 74.61438 103.66875 74.6271 103.2735 74.85535 curveto
91.582 81.60522 lineto
91.18674 81.83345 90.70023 81.84619 90.30577 81.61845 curveto
79.01944 75.1023 lineto
78.63806 74.88211 78.39268 74.48222 78.39272 74.04272 curveto
78.39261 61.47725 lineto
78.3927 61.16809 78.73993 60.98004 79.0196 61.14153 curveto
90.30614 67.65779 lineto
90.70059 67.88553 91.1871 67.87279 91.58237 67.64456 curveto closepath
[0.86603 0.5 -0.5 0.86603 0 0] concat stroke grestore
 0 0.5 0 setrgbcolor
newpath 78.58055 45.88797 moveto
90.06967 52.5212 lineto
91.32379 53.24527 lineto
102.40735 59.64435 lineto
102.68129 59.8025 102.68674 60.19362 102.41861 60.34857 curveto
91.53674 66.63136 lineto
91.14276 66.85875 90.65681 66.82106 90.26057 66.5923 curveto
78.16412 59.60843 lineto
77.86443 59.4354 77.49193 59.63791 77.49207 59.97047 curveto
77.49226 73.47054 lineto
77.4923 73.80647 77.1554 74.0261 76.8874 73.87137 curveto
66.00642 67.58925 lineto
65.62584 67.36952 65.40234 66.95691 65.40231 66.51659 curveto
65.40216 53.48381 lineto
65.40208 53.0358 65.64104 52.62192 66.02907 52.39796 curveto
77.31564 45.88158 lineto
77.70688 45.65578 78.18907 45.66196 78.58055 45.88797 curveto closepath fill
 0 setgray
gsave newpath 78.58055 45.88797 moveto
90.06967 52.5212 lineto
91.32379 53.24527 lineto
102.40735 59.64435 lineto
102.68129 59.8025 102.68674 60.19362 102.41861 60.34857 curveto
91.53674 66.63136 lineto
91.14276 66.85875 90.65681 66.82106 90.26057 66.5923 curveto
78.16412 59.60843 lineto
77.86443 59.4354 77.49193 59.63791 77.49207 59.97047 curveto
77.49226 73.47054 lineto
77.4923 73.80647 77.1554 74.0261 76.8874 73.87137 curveto
66.00642 67.58925 lineto
65.62584 67.36952 65.40234 66.95691 65.40231 66.51659 curveto
65.40216 53.48381 lineto
65.40208 53.0358 65.64104 52.62192 66.02907 52.39796 curveto
77.31564 45.88158 lineto
77.70688 45.65578 78.18907 45.66196 78.58055 45.88797 curveto closepath
[0.86603 0.5 -0.5 0.86603 0 0] concat stroke grestore
 0.3 1 0.3 setrgbcolor
newpath 88.92487 84.17873 moveto
103.13408 75.97525 lineto
103.57025 75.72334 104.09819 75.62007 104.52852 75.86853 curveto
115.4095 82.15065 lineto
115.67749 82.30537 115.66681 82.70015 115.38722 82.86168 curveto
104.10022 89.37837 lineto
103.70549 89.60611 103.4733 90.03394 103.47328 90.49034 curveto
103.47385 103.99117 lineto
103.47386 104.44019 103.25684 104.86646 102.86954 105.09004 curveto
91.98804 111.37173 lineto
91.72015 111.52628 91.38391 111.31947 91.38391 110.99675 curveto
91.38301 97.96436 lineto
91.38293 97.51633 91.14384 97.10237 90.75572 96.8783 curveto
79.4692 90.36203 lineto
79.1796 90.19482 79.09332 89.85536 79.30736 89.73183 curveto
87.67024 84.90295 lineto
 closepath fill
 0 setgray
gsave newpath 88.92487 84.17873 moveto
103.13408 75.97525 lineto
103.57025 75.72334 104.09819 75.62007 104.52852 75.86853 curveto
115.4095 82.15065 lineto
115.67749 82.30537 115.66681 82.70015 115.38722 82.86168 curveto
104.10022 89.37837 lineto
103.70549 89.60611 103.4733 90.03394 103.47328 90.49034 curveto
103.47385 103.99117 lineto
103.47386 104.44019 103.25684 104.86646 102.86954 105.09004 curveto
91.98804 111.37173 lineto
91.72015 111.52628 91.38391 111.31947 91.38391 110.99675 curveto
91.38301 97.96436 lineto
91.38293 97.51633 91.14384 97.10237 90.75572 96.8783 curveto
79.4692 90.36203 lineto
79.1796 90.19482 79.09332 89.85536 79.30736 89.73183 curveto
87.67024 84.90295 lineto
 closepath
[0.86603 0.5 -0.5 0.86603 0 0] concat stroke grestore
 0.45 0.2 0.1 setrgbcolor
newpath 102.58577 120.25293 moveto
86.61523 129.47324 lineto
85.33894 130.2103 lineto
78.33185 134.2555 lineto
78.02393 134.43318 77.65216 134.31264 77.33798 134.13124 curveto
66.457 127.84912 lineto
66.18881 127.69429 66.19435 127.3029 66.46861 127.14462 curveto
77.55159 120.74562 lineto
78.81703 120.01497 lineto
90.50851 113.26509 lineto
91.7966 112.52133 lineto
103.28525 105.88797 lineto
103.67032 105.66548 104.14413 105.64728 104.52829 105.86906 curveto
115.40927 112.15118 lineto
115.67726 112.30591 115.66628 112.70074 115.3868 112.86209 curveto
104.0998 119.37877 lineto
 closepath fill
 0 setgray
gsave newpath 102.58577 120.25293 moveto
86.61523 129.47324 lineto
85.33894 130.2103 lineto
78.33185 134.2555 lineto
78.02393 134.43318 77.65216 134.31264 77.33798 134.13124 curveto
66.457 127.84912 lineto
66.18881 127.69429 66.19435 127.3029 66.46861 127.14462 curveto
77.55159 120.74562 lineto
78.81703 120.01497 lineto
90.50851 113.26509 lineto
91.7966 112.52133 lineto
103.28525 105.88797 lineto
103.67032 105.66548 104.14413 105.64728 104.52829 105.86906 curveto
115.40927 112.15118 lineto
115.67726 112.30591 115.66628 112.70074 115.3868 112.86209 curveto
104.0998 119.37877 lineto
 closepath
[0.86603 0.5 -0.5 0.86603 0 0] concat stroke grestore
 1 0.5 0.2 setrgbcolor
newpath 89.8333 112.61545 moveto
78.14383 119.36412 lineto
76.86754 120.10121 lineto
65.57854 126.61858 lineto
65.19719 126.83871 64.72772 126.85126 64.34694 126.63141 curveto
53.46596 120.34929 lineto
53.19797 120.19456 53.20883 119.79991 53.48842 119.63837 curveto
64.77722 113.12088 lineto
66.05353 112.3838 lineto
77.7432 105.63524 lineto
78.13844 105.40701 78.39285 104.992 78.39272 104.5363 curveto
78.39256 91.50352 lineto
78.39256 91.18082 78.72922 90.974 78.9974 91.12885 curveto
89.87839 97.41096 lineto
90.25897 97.63069 90.48265 98.04341 90.48268 98.48373 curveto
90.48283 111.51651 lineto
90.48296 111.97221 90.22856 112.38722 89.8333 112.61545 curveto closepath fill
 0 setgray
gsave newpath 89.8333 112.61545 moveto
78.14383 119.36412 lineto
76.86754 120.10121 lineto
65.57854 126.61858 lineto
65.19719 126.83871 64.72772 126.85126 64.34694 126.63141 curveto
53.46596 120.34929 lineto
53.19797 120.19456 53.20883 119.79991 53.48842 119.63837 curveto
64.77722 113.12088 lineto
66.05353 112.3838 lineto
77.7432 105.63524 lineto
78.13844 105.40701 78.39285 104.992 78.39272 104.5363 curveto
78.39256 91.50352 lineto
78.39256 91.18082 78.72922 90.974 78.9974 91.12885 curveto
89.87839 97.41096 lineto
90.25897 97.63069 90.48265 98.04341 90.48268 98.48373 curveto
90.48283 111.51651 lineto
90.48296 111.97221 90.22856 112.38722 89.8333 112.61545 curveto closepath
[0.86603 0.5 -0.5 0.86603 0 0] concat stroke grestore
 0.3 0.3 1 setrgbcolor
newpath 51.51164 75.99709 moveto
51.51134 89.26321 lineto
51.51178 90.71126 lineto
51.51149 103.50908 lineto
51.51158 103.82523 51.16924 104.02269 50.8955 103.86465 curveto
39.81181 97.46577 lineto
38.58029 96.75475 lineto
27.49654 90.35556 lineto
27.22379 90.19809 27.24033 89.7927 27.53053 89.62512 curveto
39.22182 82.87512 lineto
39.51064 82.70859 39.51053 82.29175 39.22192 82.12512 curveto
27.53032 75.37524 lineto
27.23953 75.20737 27.21758 74.80592 27.48517 74.65146 curveto
38.36723 68.36877 lineto
38.74783 68.149 39.21683 68.16158 39.5982 68.38176 curveto
50.88484 74.89783 lineto
51.27612 75.12373 51.51163 75.54486 51.51164 75.99709 curveto closepath fill
 0 setgray
gsave newpath 51.51164 75.99709 moveto
51.51134 89.26321 lineto
51.51178 90.71126 lineto
51.51149 103.50908 lineto
51.51158 103.82523 51.16924 104.02269 50.8955 103.86465 curveto
39.81181 97.46577 lineto
38.58029 96.75475 lineto
27.49654 90.35556 lineto
27.22379 90.19809 27.24033 89.7927 27.53053 89.62512 curveto
39.22182 82.87512 lineto
39.51064 82.70859 39.51053 82.29175 39.22192 82.12512 curveto
27.53032 75.37524 lineto
27.23953 75.20737 27.21758 74.80592 27.48517 74.65146 curveto
38.36723 68.36877 lineto
38.74783 68.149 39.21683 68.16158 39.5982 68.38176 curveto
50.88484 74.89783 lineto
51.27612 75.12373 51.51163 75.54486 51.51164 75.99709 curveto closepath
[0.86603 0.5 -0.5 0.86603 0 0] concat stroke grestore
 0.1 0 0.5 setrgbcolor
newpath 141.84073 97.5891 moveto
130.95827 103.87154 lineto
130.69038 104.0261 130.35414 103.81929 130.35414 103.49657 curveto
130.35396 90.46431 lineto
130.35403 90.00871 130.0999 89.59375 129.70467 89.36555 curveto
118.01309 82.61517 lineto
117.62439 82.39075 117.36389 81.98955 117.36388 81.54236 curveto
117.36357 68.97676 lineto
117.3637 68.66708 117.70534 68.47635 117.97968 68.63474 curveto
129.06383 75.03416 lineto
130.32866 75.7644 lineto
142.02023 82.51479 lineto
143.28566 83.24538 lineto
154.36942 89.64458 lineto
154.64256 89.80228 154.6372 90.20065 154.35805 90.36191 curveto
143.07213 96.87761 lineto
 closepath fill
 0 setgray
gsave newpath 141.84073 97.5891 moveto
130.95827 103.87154 lineto
130.69038 104.0261 130.35414 103.81929 130.35414 103.49657 curveto
130.35396 90.46431 lineto
130.35403 90.00871 130.0999 89.59375 129.70467 89.36555 curveto
118.01309 82.61517 lineto
117.62439 82.39075 117.36389 81.98955 117.36388 81.54236 curveto
117.36357 68.97676 lineto
117.3637 68.66708 117.70534 68.47635 117.97968 68.63474 curveto
129.06383 75.03416 lineto
130.32866 75.7644 lineto
142.02023 82.51479 lineto
143.28566 83.24538 lineto
154.36942 89.64458 lineto
154.64256 89.80228 154.6372 90.20065 154.35805 90.36191 curveto
143.07213 96.87761 lineto
 closepath
[0.86603 0.5 -0.5 0.86603 0 0] concat stroke grestore
gsave newpath 64.07755 52.48541 moveto
52.38606 59.2353 lineto
51.08713 59.98547 lineto
39.39565 66.73537 lineto
38.09671 67.48555 lineto
26.40523 74.23543 lineto
25.1063 74.98561 lineto
13.41481 81.73549 lineto
12.08182 82.50484 lineto
-0.2172 89.60568 lineto
-0.52089 89.78105 -0.52054 90.21945 -0.21686 90.39478 curveto
12.08217 97.4956 lineto
13.4148 98.26498 lineto
25.10648 105.01517 lineto
26.40521 105.76498 lineto
38.0969 112.51517 lineto
39.39563 113.26498 lineto
51.08731 120.01517 lineto
52.38605 120.76498 lineto
64.07773 127.51517 lineto
65.38776 128.27151 lineto
77.28203 135.13866 lineto
77.69095 135.37474 78.19472 135.37514 78.60359 135.13892 curveto
90.49728 128.27135 lineto
91.80745 127.51497 lineto
103.49893 120.76509 lineto
104.79787 120.01491 lineto
116.48935 113.26503 lineto
117.78828 112.51485 lineto
129.47977 105.76497 lineto
130.7787 105.01479 lineto
142.47018 98.26491 lineto
143.80319 97.49553 lineto
156.10219 90.3947 lineto
156.4059 90.21933 156.40555 89.78094 156.10187 89.60562 curveto
143.80284 82.50479 lineto
142.47021 81.7354 lineto
130.77853 74.98521 lineto
129.4798 74.2354 lineto
117.78812 67.48521 lineto
116.48938 66.7354 lineto
104.7977 59.98521 lineto
103.49896 59.2354 lineto
91.80728 52.48521 lineto
90.49725 51.72888 lineto
78.60298 44.86174 lineto
78.19406 44.62564 77.69029 44.62524 77.28142 44.86147 curveto
65.38771 51.72903 lineto
 closepath
[0.86603 0.5 -0.5 0.86603 0 0] concat stroke grestore
showpage
%%EOF
