%!PS
%%BoundingBox: -1 -1 226 226 
%%HiResBoundingBox: -0.69998 -0.69998 225.69998 225.69998 
%%Creator: MetaPost 0.901
%%CreationDate: 2008.09.19:1140
%%Pages: 1
%%BeginProlog
%%EndProlog
%%Page: 1 1
 0 0.9 0 setrgbcolor
newpath 224.55002 166.17783 moveto
224.55002 179.27284 lineto
224.55002 180.74982 lineto
224.55002 194.25018 lineto
224.55002 195.74982 lineto
224.55002 209.25018 lineto
224.55002 210.72784 lineto
224.55002 223.82286 lineto
224.55002 224.22066 224.23828 224.55002 223.84483 224.55002 curveto
211.15517 224.55002 lineto
210.75737 224.55002 210.44998 224.20647 210.44998 223.8002 curveto
210.44998 210.29984 lineto
210.44998 209.88579 210.11421 209.55002 209.70016 209.55002 curveto
196.1998 209.55002 lineto
195.79353 209.55002 195.44998 209.24263 195.44998 208.84483 curveto
195.44998 196.15517 lineto
195.44998 195.75737 195.79353 195.44998 196.1998 195.44998 curveto
209.70016 195.44998 lineto
210.11856 195.44998 210.44998 195.10002 210.44998 194.6775 curveto
210.44998 180.77248 lineto
210.44998 179.27216 lineto
210.44998 166.17714 lineto
210.44998 165.77934 210.76172 165.44998 211.15517 165.44998 curveto
223.84483 165.44998 lineto
224.23851 165.44998 224.55002 165.7798 224.55002 166.17783 curveto closepath
 fill
 0 setgray 0 0.5 dtransform truncate idtransform setlinewidth pop [] 0 setdash
 1 setlinejoin 10 setmiterlimit
newpath 224.55002 166.17783 moveto
224.55002 179.27284 lineto
224.55002 180.74982 lineto
224.55002 194.25018 lineto
224.55002 195.74982 lineto
224.55002 209.25018 lineto
224.55002 210.72784 lineto
224.55002 223.82286 lineto
224.55002 224.22066 224.23828 224.55002 223.84483 224.55002 curveto
211.15517 224.55002 lineto
210.75737 224.55002 210.44998 224.20647 210.44998 223.8002 curveto
210.44998 210.29984 lineto
210.44998 209.88579 210.11421 209.55002 209.70016 209.55002 curveto
196.1998 209.55002 lineto
195.79353 209.55002 195.44998 209.24263 195.44998 208.84483 curveto
195.44998 196.15517 lineto
195.44998 195.75737 195.79353 195.44998 196.1998 195.44998 curveto
209.70016 195.44998 lineto
210.11856 195.44998 210.44998 195.10002 210.44998 194.6775 curveto
210.44998 180.77248 lineto
210.44998 179.27216 lineto
210.44998 166.17714 lineto
210.44998 165.77934 210.76172 165.44998 211.15517 165.44998 curveto
223.84483 165.44998 lineto
224.23851 165.44998 224.55002 165.7798 224.55002 166.17783 curveto closepath
 stroke
 0 0.9 0 setrgbcolor
newpath 0.44998 58.82217 moveto
0.44998 45.72716 lineto
0.44998 44.25018 lineto
0.44998 30.74982 lineto
0.44998 29.25018 lineto
0.44998 15.74982 lineto
0.44998 14.27216 lineto
0.44998 1.17714 lineto
0.44998 0.77934 0.76172 0.44998 1.15517 0.44998 curveto
13.84483 0.44998 lineto
14.24263 0.44998 14.55002 0.79353 14.55002 1.1998 curveto
14.55002 14.70016 lineto
14.55002 15.11421 14.88579 15.44998 15.29984 15.44998 curveto
28.8002 15.44998 lineto
29.20647 15.44998 29.55002 15.75737 29.55002 16.15517 curveto
29.55002 28.84483 lineto
29.55002 29.24263 29.20647 29.55002 28.8002 29.55002 curveto
15.29984 29.55002 lineto
14.88144 29.55002 14.55002 29.89998 14.55002 30.3225 curveto
14.55002 44.22752 lineto
14.55002 45.72784 lineto
14.55002 58.82286 lineto
14.55002 59.22066 14.23828 59.55002 13.84483 59.55002 curveto
1.15517 59.55002 lineto
0.76149 59.55002 0.44998 59.2202 0.44998 58.82217 curveto closepath fill
 0 setgray
newpath 0.44998 58.82217 moveto
0.44998 45.72716 lineto
0.44998 44.25018 lineto
0.44998 30.74982 lineto
0.44998 29.25018 lineto
0.44998 15.74982 lineto
0.44998 14.27216 lineto
0.44998 1.17714 lineto
0.44998 0.77934 0.76172 0.44998 1.15517 0.44998 curveto
13.84483 0.44998 lineto
14.24263 0.44998 14.55002 0.79353 14.55002 1.1998 curveto
14.55002 14.70016 lineto
14.55002 15.11421 14.88579 15.44998 15.29984 15.44998 curveto
28.8002 15.44998 lineto
29.20647 15.44998 29.55002 15.75737 29.55002 16.15517 curveto
29.55002 28.84483 lineto
29.55002 29.24263 29.20647 29.55002 28.8002 29.55002 curveto
15.29984 29.55002 lineto
14.88144 29.55002 14.55002 29.89998 14.55002 30.3225 curveto
14.55002 44.22752 lineto
14.55002 45.72784 lineto
14.55002 58.82286 lineto
14.55002 59.22066 14.23828 59.55002 13.84483 59.55002 curveto
1.15517 59.55002 lineto
0.76149 59.55002 0.44998 59.2202 0.44998 58.82217 curveto closepath stroke
 0 0.9 0 setrgbcolor
newpath 14.55002 180.77248 moveto
14.55002 194.6775 lineto
14.55002 195.10002 14.88144 195.44998 15.29984 195.44998 curveto
28.8002 195.44998 lineto
29.20647 195.44998 29.55002 195.75737 29.55002 196.15517 curveto
29.55002 208.84483 lineto
29.55002 209.24263 29.20647 209.55002 28.8002 209.55002 curveto
15.29984 209.55002 lineto
14.88579 209.55002 14.55002 209.88579 14.55002 210.29984 curveto
14.55002 223.8002 lineto
14.55002 224.20647 14.24263 224.55002 13.84483 224.55002 curveto
1.15517 224.55002 lineto
0.76149 224.55002 0.44998 224.2202 0.44998 223.82217 curveto
0.44998 210.72716 lineto
0.44998 209.25018 lineto
0.44998 195.74982 lineto
0.44998 194.25018 lineto
0.44998 180.74982 lineto
0.44998 179.27216 lineto
0.44998 166.17714 lineto
0.44998 165.77934 0.76172 165.44998 1.15517 165.44998 curveto
13.84483 165.44998 lineto
14.23851 165.44998 14.55002 165.7798 14.55002 166.17783 curveto
14.55002 179.27284 lineto
 closepath fill
 0 setgray
newpath 14.55002 180.77248 moveto
14.55002 194.6775 lineto
14.55002 195.10002 14.88144 195.44998 15.29984 195.44998 curveto
28.8002 195.44998 lineto
29.20647 195.44998 29.55002 195.75737 29.55002 196.15517 curveto
29.55002 208.84483 lineto
29.55002 209.24263 29.20647 209.55002 28.8002 209.55002 curveto
15.29984 209.55002 lineto
14.88579 209.55002 14.55002 209.88579 14.55002 210.29984 curveto
14.55002 223.8002 lineto
14.55002 224.20647 14.24263 224.55002 13.84483 224.55002 curveto
1.15517 224.55002 lineto
0.76149 224.55002 0.44998 224.2202 0.44998 223.82217 curveto
0.44998 210.72716 lineto
0.44998 209.25018 lineto
0.44998 195.74982 lineto
0.44998 194.25018 lineto
0.44998 180.74982 lineto
0.44998 179.27216 lineto
0.44998 166.17714 lineto
0.44998 165.77934 0.76172 165.44998 1.15517 165.44998 curveto
13.84483 165.44998 lineto
14.23851 165.44998 14.55002 165.7798 14.55002 166.17783 curveto
14.55002 179.27284 lineto
 closepath stroke
 0 0.9 0 setrgbcolor
newpath 210.44998 44.22752 moveto
210.44998 30.3225 lineto
210.44998 29.89998 210.11856 29.55002 209.70016 29.55002 curveto
196.1998 29.55002 lineto
195.79353 29.55002 195.44998 29.24263 195.44998 28.84483 curveto
195.44998 16.15517 lineto
195.44998 15.75737 195.79353 15.44998 196.1998 15.44998 curveto
209.70016 15.44998 lineto
210.11421 15.44998 210.44998 15.11421 210.44998 14.70016 curveto
210.44998 1.1998 lineto
210.44998 0.79353 210.75737 0.44998 211.15517 0.44998 curveto
223.84483 0.44998 lineto
224.23851 0.44998 224.55002 0.7798 224.55002 1.17783 curveto
224.55002 14.27284 lineto
224.55002 15.74982 lineto
224.55002 29.25018 lineto
224.55002 30.74982 lineto
224.55002 44.25018 lineto
224.55002 45.72784 lineto
224.55002 58.82286 lineto
224.55002 59.22066 224.23828 59.55002 223.84483 59.55002 curveto
211.15517 59.55002 lineto
210.76149 59.55002 210.44998 59.2202 210.44998 58.82217 curveto
210.44998 45.72716 lineto
 closepath fill
 0 setgray
newpath 210.44998 44.22752 moveto
210.44998 30.3225 lineto
210.44998 29.89998 210.11856 29.55002 209.70016 29.55002 curveto
196.1998 29.55002 lineto
195.79353 29.55002 195.44998 29.24263 195.44998 28.84483 curveto
195.44998 16.15517 lineto
195.44998 15.75737 195.79353 15.44998 196.1998 15.44998 curveto
209.70016 15.44998 lineto
210.11421 15.44998 210.44998 15.11421 210.44998 14.70016 curveto
210.44998 1.1998 lineto
210.44998 0.79353 210.75737 0.44998 211.15517 0.44998 curveto
223.84483 0.44998 lineto
224.23851 0.44998 224.55002 0.7798 224.55002 1.17783 curveto
224.55002 14.27284 lineto
224.55002 15.74982 lineto
224.55002 29.25018 lineto
224.55002 30.74982 lineto
224.55002 44.25018 lineto
224.55002 45.72784 lineto
224.55002 58.82286 lineto
224.55002 59.22066 224.23828 59.55002 223.84483 59.55002 curveto
211.15517 59.55002 lineto
210.76149 59.55002 210.44998 59.2202 210.44998 58.82217 curveto
210.44998 45.72716 lineto
 closepath stroke
newpath -0.44998 15.74982 moveto
-0.44998 29.25018 lineto
-0.44998 30.74982 lineto
-0.44998 44.25018 lineto
-0.44998 45.74982 lineto
-0.44998 59.25018 lineto
-0.44998 60.74982 lineto
-0.44998 74.25018 lineto
-0.44998 75.74982 lineto
-0.44998 89.25018 lineto
-0.44998 90.74982 lineto
-0.44998 104.25018 lineto
-0.44998 105.74982 lineto
-0.44998 119.25018 lineto
-0.44998 120.74982 lineto
-0.44998 134.25018 lineto
-0.44998 135.74982 lineto
-0.44998 149.25018 lineto
-0.44998 150.74982 lineto
-0.44998 164.25018 lineto
-0.44998 165.74982 lineto
-0.44998 179.25018 lineto
-0.44998 180.74982 lineto
-0.44998 194.25018 lineto
-0.44998 195.74982 lineto
-0.44998 209.25018 lineto
-0.44998 210.77248 lineto
-0.44998 224.6775 lineto
-0.44998 225.10414 -0.10414 225.44998 0.3225 225.44998 curveto
14.22752 225.44998 lineto
15.74982 225.44998 lineto
29.25018 225.44998 lineto
30.74982 225.44998 lineto
44.25018 225.44998 lineto
45.74982 225.44998 lineto
59.25018 225.44998 lineto
60.74982 225.44998 lineto
74.25018 225.44998 lineto
75.74982 225.44998 lineto
89.25018 225.44998 lineto
90.74982 225.44998 lineto
104.25018 225.44998 lineto
105.74982 225.44998 lineto
119.25018 225.44998 lineto
120.74982 225.44998 lineto
134.25018 225.44998 lineto
135.74982 225.44998 lineto
149.25018 225.44998 lineto
150.74982 225.44998 lineto
164.25018 225.44998 lineto
165.74982 225.44998 lineto
179.25018 225.44998 lineto
180.74982 225.44998 lineto
194.25018 225.44998 lineto
195.74982 225.44998 lineto
209.25018 225.44998 lineto
210.77248 225.44998 lineto
224.6775 225.44998 lineto
225.10414 225.44998 225.44998 225.10414 225.44998 224.6775 curveto
225.44998 210.77248 lineto
225.44998 209.25018 lineto
225.44998 195.74982 lineto
225.44998 194.25018 lineto
225.44998 180.74982 lineto
225.44998 179.25018 lineto
225.44998 165.74982 lineto
225.44998 164.25018 lineto
225.44998 150.74982 lineto
225.44998 149.25018 lineto
225.44998 135.74982 lineto
225.44998 134.25018 lineto
225.44998 120.74982 lineto
225.44998 119.25018 lineto
225.44998 105.74982 lineto
225.44998 104.25018 lineto
225.44998 90.74982 lineto
225.44998 89.25018 lineto
225.44998 75.74982 lineto
225.44998 74.25018 lineto
225.44998 60.74982 lineto
225.44998 59.25018 lineto
225.44998 45.74982 lineto
225.44998 44.25018 lineto
225.44998 30.74982 lineto
225.44998 29.25018 lineto
225.44998 15.74982 lineto
225.44998 14.22752 lineto
225.44998 0.3225 lineto
225.44998 -0.10414 225.10414 -0.44998 224.6775 -0.44998 curveto
210.77248 -0.44998 lineto
209.25018 -0.44998 lineto
195.74982 -0.44998 lineto
194.25018 -0.44998 lineto
180.74982 -0.44998 lineto
179.25018 -0.44998 lineto
165.74982 -0.44998 lineto
164.25018 -0.44998 lineto
150.74982 -0.44998 lineto
149.25018 -0.44998 lineto
135.74982 -0.44998 lineto
134.25018 -0.44998 lineto
120.74982 -0.44998 lineto
119.25018 -0.44998 lineto
105.74982 -0.44998 lineto
104.25018 -0.44998 lineto
90.74982 -0.44998 lineto
89.25018 -0.44998 lineto
75.74982 -0.44998 lineto
74.25018 -0.44998 lineto
60.74982 -0.44998 lineto
59.25018 -0.44998 lineto
45.74982 -0.44998 lineto
44.25018 -0.44998 lineto
30.74982 -0.44998 lineto
29.25018 -0.44998 lineto
15.74982 -0.44998 lineto
14.22752 -0.44998 lineto
0.3225 -0.44998 lineto
-0.10414 -0.44998 -0.44998 -0.10414 -0.44998 0.3225 curveto
-0.44998 14.22752 lineto
 closepath stroke
showpage
%%EOF
