%!PS
%%BoundingBox: -131 51 1 174 
%%HiResBoundingBox: -130.60416 51.93106 0.69998 173.06894 
%%Creator: MetaPost 0.901
%%CreationDate: 2008.09.19:1140
%%Pages: 1
%%BeginProlog
%%EndProlog
%%Page: 1 1
 1 0.5 0.5 setrgbcolor
newpath -65.20271 127.87491 moveto
-53.51143 134.62509 lineto
-53.22052 134.79309 -53.19855 135.19432 -53.46611 135.34882 curveto
-64.34784 141.6314 lineto
-64.7319 141.85318 -65.20546 141.83372 -65.59067 141.61148 curveto
-77.07962 134.97894 lineto
-78.33344 134.25453 lineto
-89.41681 127.85568 lineto
-89.69055 127.69753 -89.69055 127.30247 -89.41681 127.14432 curveto
-78.33344 120.74547 lineto
-77.07893 120.02106 lineto
-65.58998 113.38852 lineto
-65.205 113.16628 -64.73167 113.14705 -64.34784 113.3686 curveto
-53.46611 119.65118 lineto
-53.19855 119.80568 -53.22052 120.20691 -53.51143 120.37491 curveto
-65.20271 127.12509 lineto
-65.49133 127.29172 -65.49133 127.70828 -65.20271 127.87491 curveto closepath
 fill
 0 setgray 0 0.5 dtransform truncate idtransform setlinewidth pop [] 0 setdash
 1 setlinejoin 10 setmiterlimit
gsave newpath -65.20271 127.87491 moveto
-53.51143 134.62509 lineto
-53.22052 134.79309 -53.19855 135.19432 -53.46611 135.34882 curveto
-64.34784 141.6314 lineto
-64.7319 141.85318 -65.20546 141.83372 -65.59067 141.61148 curveto
-77.07962 134.97894 lineto
-78.33344 134.25453 lineto
-89.41681 127.85568 lineto
-89.69055 127.69753 -89.69055 127.30247 -89.41681 127.14432 curveto
-78.33344 120.74547 lineto
-77.07893 120.02106 lineto
-65.58998 113.38852 lineto
-65.205 113.16628 -64.73167 113.14705 -64.34784 113.3686 curveto
-53.46611 119.65118 lineto
-53.19855 119.80568 -53.22052 120.20691 -53.51143 120.37491 curveto
-65.20271 127.12509 lineto
-65.49133 127.29172 -65.49133 127.70828 -65.20271 127.87491 curveto closepath
[0 1 -1 0 0 0] concat stroke grestore
 1 1 0 setrgbcolor
newpath -13.83133 112.4659 moveto
-24.91493 118.86475 lineto
-25.18845 119.02267 -25.53085 118.81851 -25.53085 118.49625 curveto
-25.53085 105.46371 lineto
-25.53085 105.0158 -25.7698 104.6022 -26.15776 104.37813 curveto
-37.44415 97.86163 lineto
-37.72339 97.7005 -37.72865 97.30202 -37.45514 97.14409 curveto
-26.37177 90.74524 lineto
-25.13992 90.03387 lineto
-14.05632 83.63503 lineto
-13.78304 83.4771 -13.4404 83.68126 -13.4404 84.00375 curveto
-13.4404 97.03629 lineto
-13.4404 97.4842 -13.20145 97.8978 -12.81349 98.12187 curveto
-1.5271 104.63814 lineto
-1.24786 104.79927 -1.2426 105.19775 -1.51611 105.35568 curveto
-12.59949 111.75453 lineto
 closepath fill
 0 setgray
gsave newpath -13.83133 112.4659 moveto
-24.91493 118.86475 lineto
-25.18845 119.02267 -25.53085 118.81851 -25.53085 118.49625 curveto
-25.53085 105.46371 lineto
-25.53085 105.0158 -25.7698 104.6022 -26.15776 104.37813 curveto
-37.44415 97.86163 lineto
-37.72339 97.7005 -37.72865 97.30202 -37.45514 97.14409 curveto
-26.37177 90.74524 lineto
-25.13992 90.03387 lineto
-14.05632 83.63503 lineto
-13.78304 83.4771 -13.4404 83.68126 -13.4404 84.00375 curveto
-13.4404 97.03629 lineto
-13.4404 97.4842 -13.20145 97.8978 -12.81349 98.12187 curveto
-1.5271 104.63814 lineto
-1.24786 104.79927 -1.2426 105.19775 -1.51611 105.35568 curveto
-12.59949 111.75453 lineto
 closepath
[0 1 -1 0 0 0] concat stroke grestore
 1 0.35 0.5 setrgbcolor
newpath -116.46378 141.49017 moveto
-116.46378 127.98958 lineto
-116.46378 127.52563 -116.71143 127.09694 -117.11334 126.86485 curveto
-128.80463 120.11467 lineto
-129.1935 119.89014 -129.4542 119.48868 -129.4542 119.04144 curveto
-129.4542 106.4772 lineto
-129.4542 106.16753 -129.11247 105.97664 -128.83827 106.13503 curveto
-117.75467 112.53387 lineto
-116.50017 113.25829 lineto
-105.01122 119.89105 lineto
-104.6164 120.11902 -104.37332 120.54039 -104.37332 120.99655 curveto
-104.37332 134.26323 lineto
-104.37332 135.71136 lineto
-104.37332 148.50975 lineto
-104.37332 148.82607 -104.70932 149.02634 -104.97757 148.87161 curveto
-115.85953 142.5888 lineto
-116.2468 142.36519 -116.46378 141.93901 -116.46378 141.49017 curveto closepath
 fill
 0 setgray
gsave newpath -116.46378 141.49017 moveto
-116.46378 127.98958 lineto
-116.46378 127.52563 -116.71143 127.09694 -117.11334 126.86485 curveto
-128.80463 120.11467 lineto
-129.1935 119.89014 -129.4542 119.48868 -129.4542 119.04144 curveto
-129.4542 106.4772 lineto
-129.4542 106.16753 -129.11247 105.97664 -128.83827 106.13503 curveto
-117.75467 112.53387 lineto
-116.50017 113.25829 lineto
-105.01122 119.89105 lineto
-104.6164 120.11902 -104.37332 120.54039 -104.37332 120.99655 curveto
-104.37332 134.26323 lineto
-104.37332 135.71136 lineto
-104.37332 148.50975 lineto
-104.37332 148.82607 -104.70932 149.02634 -104.97757 148.87161 curveto
-115.85953 142.5888 lineto
-116.2468 142.36519 -116.46378 141.93901 -116.46378 141.49017 curveto closepath
[0 1 -1 0 0 0] concat stroke grestore
 0 0 0.2 setrgbcolor
newpath -79.0194 120.10185 moveto
-90.30602 126.61835 lineto
-90.69397 126.84242 -91.17188 126.84242 -91.55983 126.61835 curveto
-102.84645 120.10185 lineto
-103.2344 119.87778 -103.47336 119.46419 -103.47336 119.01627 curveto
-103.47336 105.98373 lineto
-103.47336 105.53581 -103.2344 105.12222 -102.84645 104.89815 curveto
-91.55983 98.38165 lineto
-91.17188 98.15758 -90.69397 98.15758 -90.30602 98.38165 curveto
-79.0194 104.89815 lineto
-78.63144 105.12222 -78.39249 105.53581 -78.39249 105.98373 curveto
-78.39249 119.01627 lineto
-78.39249 119.46419 -78.63144 119.87778 -79.0194 120.10185 curveto closepath
 fill
 0 setgray
gsave newpath -79.0194 120.10185 moveto
-90.30602 126.61835 lineto
-90.69397 126.84242 -91.17188 126.84242 -91.55983 126.61835 curveto
-102.84645 120.10185 lineto
-103.2344 119.87778 -103.47336 119.46419 -103.47336 119.01627 curveto
-103.47336 105.98373 lineto
-103.47336 105.53581 -103.2344 105.12222 -102.84645 104.89815 curveto
-91.55983 98.38165 lineto
-91.17188 98.15758 -90.69397 98.15758 -90.30602 98.38165 curveto
-79.0194 104.89815 lineto
-78.63144 105.12222 -78.39249 105.53581 -78.39249 105.98373 curveto
-78.39249 119.01627 lineto
-78.39249 119.46419 -78.63144 119.87778 -79.0194 120.10185 curveto closepath
[0 1 -1 0 0 0] concat stroke grestore
 1 0.65 0.7 setrgbcolor
newpath -63.29109 98.97903 moveto
-52.98386 104.93042 lineto
-52.62016 105.1403 -52.4112 105.53787 -52.4112 105.95901 curveto
-52.4112 118.52325 lineto
-52.4112 118.8327 -52.7584 119.02061 -53.0381 118.85925 curveto
-64.32495 112.34253 lineto
-64.7129 112.11845 -65.19081 112.11845 -65.57877 112.34253 curveto
-76.86607 118.85948 lineto
-77.14462 119.02039 -77.49298 118.81897 -77.49298 118.49693 curveto
-77.49252 105.46371 lineto
-77.49252 105.0158 -77.73148 104.6022 -78.11943 104.37813 curveto
-89.40582 97.86186 lineto
-89.68529 97.7005 -89.69627 97.30591 -89.42848 97.15118 curveto
-78.54675 90.8686 lineto
-78.143 90.63538 -77.64565 90.69122 -77.2387 90.92628 curveto
-64.56757 98.24158 lineto
 closepath fill
 0 setgray
gsave newpath -63.29109 98.97903 moveto
-52.98386 104.93042 lineto
-52.62016 105.1403 -52.4112 105.53787 -52.4112 105.95901 curveto
-52.4112 118.52325 lineto
-52.4112 118.8327 -52.7584 119.02061 -53.0381 118.85925 curveto
-64.32495 112.34253 lineto
-64.7129 112.11845 -65.19081 112.11845 -65.57877 112.34253 curveto
-76.86607 118.85948 lineto
-77.14462 119.02039 -77.49298 118.81897 -77.49298 118.49693 curveto
-77.49252 105.46371 lineto
-77.49252 105.0158 -77.73148 104.6022 -78.11943 104.37813 curveto
-89.40582 97.86186 lineto
-89.68529 97.7005 -89.69627 97.30591 -89.42848 97.15118 curveto
-78.54675 90.8686 lineto
-78.143 90.63538 -77.64565 90.69122 -77.2387 90.92628 curveto
-64.56757 98.24158 lineto
 closepath
[0 1 -1 0 0 0] concat stroke grestore
 0.9 0.1 0 setrgbcolor
newpath -26.60774 89.11835 moveto
-37.89436 82.60185 lineto
-38.28896 82.37411 -38.52127 81.94656 -38.52127 81.49017 curveto
-38.52127 67.98958 lineto
-38.52127 67.53319 -38.75359 67.10564 -39.14818 66.8779 curveto
-50.43457 60.36163 lineto
-50.71404 60.20027 -50.72502 59.80568 -50.45723 59.65096 curveto
-39.5755 53.36838 lineto
-39.19487 53.14865 -38.72566 53.16124 -38.34435 53.38142 curveto
-27.05772 59.89792 lineto
-26.66313 60.12566 -26.43082 60.5532 -26.43082 61.0096 curveto
-26.43082 74.5102 lineto
-26.43082 74.96658 -26.1985 75.39413 -25.80391 75.62187 curveto
-14.51752 82.13814 lineto
-14.23805 82.2995 -14.22707 82.69409 -14.49486 82.84882 curveto
-25.37659 89.1314 lineto
-25.75722 89.35112 -26.22643 89.33853 -26.60774 89.11835 curveto closepath fill
 0 setgray
gsave newpath -26.60774 89.11835 moveto
-37.89436 82.60185 lineto
-38.28896 82.37411 -38.52127 81.94656 -38.52127 81.49017 curveto
-38.52127 67.98958 lineto
-38.52127 67.53319 -38.75359 67.10564 -39.14818 66.8779 curveto
-50.43457 60.36163 lineto
-50.71404 60.20027 -50.72502 59.80568 -50.45723 59.65096 curveto
-39.5755 53.36838 lineto
-39.19487 53.14865 -38.72566 53.16124 -38.34435 53.38142 curveto
-27.05772 59.89792 lineto
-26.66313 60.12566 -26.43082 60.5532 -26.43082 61.0096 curveto
-26.43082 74.5102 lineto
-26.43082 74.96658 -26.1985 75.39413 -25.80391 75.62187 curveto
-14.51752 82.13814 lineto
-14.23805 82.2995 -14.22707 82.69409 -14.49486 82.84882 curveto
-25.37659 89.1314 lineto
-25.75722 89.35112 -26.22643 89.33853 -26.60774 89.11835 curveto closepath
[0 1 -1 0 0 0] concat stroke grestore
 0.9 0.1 0 setrgbcolor
newpath -26.43059 150.4898 moveto
-26.43059 163.99017 lineto
-26.43059 164.44656 -26.6629 164.87411 -27.0575 165.10185 curveto
-38.34389 171.61812 lineto
-38.7252 171.8383 -39.19441 171.85089 -39.57504 171.63116 curveto
-50.45677 165.34859 lineto
-50.72456 165.19386 -50.71358 164.79927 -50.43411 164.63791 curveto
-39.14795 158.12187 lineto
-38.75336 157.89413 -38.52104 157.46658 -38.52104 157.0102 curveto
-38.52104 143.5096 lineto
-38.52104 143.0532 -38.28873 142.62566 -37.89413 142.39792 curveto
-26.60774 135.88165 lineto
-26.22643 135.66147 -25.75722 135.64888 -25.37659 135.8686 curveto
-14.49486 142.15118 lineto
-14.22707 142.30591 -14.23805 142.7005 -14.51752 142.86186 curveto
-25.80368 149.37813 lineto
-26.19827 149.60587 -26.43059 150.03342 -26.43059 150.4898 curveto closepath
 fill
 0 setgray
gsave newpath -26.43059 150.4898 moveto
-26.43059 163.99017 lineto
-26.43059 164.44656 -26.6629 164.87411 -27.0575 165.10185 curveto
-38.34389 171.61812 lineto
-38.7252 171.8383 -39.19441 171.85089 -39.57504 171.63116 curveto
-50.45677 165.34859 lineto
-50.72456 165.19386 -50.71358 164.79927 -50.43411 164.63791 curveto
-39.14795 158.12187 lineto
-38.75336 157.89413 -38.52104 157.46658 -38.52104 157.0102 curveto
-38.52104 143.5096 lineto
-38.52104 143.0532 -38.28873 142.62566 -37.89413 142.39792 curveto
-26.60774 135.88165 lineto
-26.22643 135.66147 -25.75722 135.64888 -25.37659 135.8686 curveto
-14.49486 142.15118 lineto
-14.22707 142.30591 -14.23805 142.7005 -14.51752 142.86186 curveto
-25.80368 149.37813 lineto
-26.19827 149.60587 -26.43059 150.03342 -26.43059 150.4898 curveto closepath
[0 1 -1 0 0 0] concat stroke grestore
 0 0.5 0 setrgbcolor
newpath -53.0159 75.0888 moveto
-63.89786 81.37161 lineto
-64.16542 81.52611 -64.5021 81.30638 -64.5021 80.97061 curveto
-64.5021 67.47025 lineto
-64.5021 67.13768 -64.8745 66.93535 -65.17433 67.10838 curveto
-77.27028 74.09225 lineto
-77.6667 74.32114 -78.15262 74.3589 -78.54675 74.1314 curveto
-89.42848 67.84882 lineto
-89.69673 67.69386 -89.69101 67.3027 -89.41681 67.14432 curveto
-78.33344 60.74547 lineto
-77.07893 60.02106 lineto
-65.58998 53.38852 lineto
-65.19836 53.16238 -64.71634 53.15575 -64.32518 53.38165 curveto
-53.03856 59.89815 lineto
-52.6506 60.12222 -52.41165 60.53581 -52.41165 60.98373 curveto
-52.41165 74.01627 lineto
-52.41165 74.45663 -52.63527 74.86908 -53.0159 75.0888 curveto closepath fill
 0 setgray
gsave newpath -53.0159 75.0888 moveto
-63.89786 81.37161 lineto
-64.16542 81.52611 -64.5021 81.30638 -64.5021 80.97061 curveto
-64.5021 67.47025 lineto
-64.5021 67.13768 -64.8745 66.93535 -65.17433 67.10838 curveto
-77.27028 74.09225 lineto
-77.6667 74.32114 -78.15262 74.3589 -78.54675 74.1314 curveto
-89.42848 67.84882 lineto
-89.69673 67.69386 -89.69101 67.3027 -89.41681 67.14432 curveto
-78.33344 60.74547 lineto
-77.07893 60.02106 lineto
-65.58998 53.38852 lineto
-65.19836 53.16238 -64.71634 53.15575 -64.32518 53.38165 curveto
-53.03856 59.89815 lineto
-52.6506 60.12222 -52.41165 60.53581 -52.41165 60.98373 curveto
-52.41165 74.01627 lineto
-52.41165 74.45663 -52.63527 74.86908 -53.0159 75.0888 curveto closepath
[0 1 -1 0 0 0] concat stroke grestore
 0 0.5 0 setrgbcolor
newpath -65.42747 171.70578 moveto
-73.98651 166.76468 lineto
-75.24033 166.04027 lineto
-89.25339 157.94998 lineto
-89.61113 157.74353 -89.70177 157.30957 -89.4278 157.15141 curveto
-78.54675 150.8686 lineto
-78.15262 150.6411 -77.6667 150.67886 -77.27028 150.90775 curveto
-65.17433 157.89185 lineto
-64.8745 158.06488 -64.5021 157.86255 -64.5021 157.52998 curveto
-64.5021 144.02939 lineto
-64.5021 143.69362 -64.16542 143.47389 -63.89786 143.62839 curveto
-53.0159 149.9112 lineto
-52.63527 150.13092 -52.41165 150.54337 -52.41165 150.98373 curveto
-52.41165 164.01627 lineto
-52.41165 164.46419 -52.6506 164.87778 -53.03856 165.10185 curveto
-64.32495 171.61858 lineto
-64.66988 171.8177 -65.08713 171.90216 -65.42747 171.70578 curveto closepath
 fill
 0 setgray
gsave newpath -65.42747 171.70578 moveto
-73.98651 166.76468 lineto
-75.24033 166.04027 lineto
-89.25339 157.94998 lineto
-89.61113 157.74353 -89.70177 157.30957 -89.4278 157.15141 curveto
-78.54675 150.8686 lineto
-78.15262 150.6411 -77.6667 150.67886 -77.27028 150.90775 curveto
-65.17433 157.89185 lineto
-64.8745 158.06488 -64.5021 157.86255 -64.5021 157.52998 curveto
-64.5021 144.02939 lineto
-64.5021 143.69362 -64.16542 143.47389 -63.89786 143.62839 curveto
-53.0159 149.9112 lineto
-52.63527 150.13092 -52.41165 150.54337 -52.41165 150.98373 curveto
-52.41165 164.01627 lineto
-52.41165 164.46419 -52.6506 164.87778 -53.03856 165.10185 curveto
-64.32495 171.61858 lineto
-64.66988 171.8177 -65.08713 171.90216 -65.42747 171.70578 curveto closepath
[0 1 -1 0 0 0] concat stroke grestore
 0.3 1 0.3 setrgbcolor
newpath -51.51192 74.53583 moveto
-51.51169 61.50307 lineto
-51.51169 61.18011 -51.175 60.9732 -50.90675 61.12816 curveto
-40.0248 67.41142 lineto
-39.63753 67.63504 -39.42055 68.06122 -39.42055 68.51006 curveto
-39.42078 82.0102 lineto
-39.42078 82.46658 -39.18846 82.8939 -38.79387 83.12187 curveto
-27.50793 89.6386 lineto
-27.22847 89.79996 -27.21748 90.19455 -27.48528 90.34927 curveto
-38.36655 96.63208 lineto
-38.7378 96.84654 -39.1951 96.8518 -39.56612 96.63757 curveto
-50.27802 90.45181 lineto
-51.53252 89.72809 lineto
-63.39272 82.8804 lineto
-63.68706 82.71057 -63.70262 82.29836 -63.42499 82.13814 curveto
-52.13882 75.6221 lineto
-51.75064 75.39803 -51.51192 74.98398 -51.51192 74.53583 curveto closepath fill
 0 setgray
gsave newpath -51.51192 74.53583 moveto
-51.51169 61.50307 lineto
-51.51169 61.18011 -51.175 60.9732 -50.90675 61.12816 curveto
-40.0248 67.41142 lineto
-39.63753 67.63504 -39.42055 68.06122 -39.42055 68.51006 curveto
-39.42078 82.0102 lineto
-39.42078 82.46658 -39.18846 82.8939 -38.79387 83.12187 curveto
-27.50793 89.6386 lineto
-27.22847 89.79996 -27.21748 90.19455 -27.48528 90.34927 curveto
-38.36655 96.63208 lineto
-38.7378 96.84654 -39.1951 96.8518 -39.56612 96.63757 curveto
-50.27802 90.45181 lineto
-51.53252 89.72809 lineto
-63.39272 82.8804 lineto
-63.68706 82.71057 -63.70262 82.29836 -63.42499 82.13814 curveto
-52.13882 75.6221 lineto
-51.75064 75.39803 -51.51192 74.98398 -51.51192 74.53583 curveto closepath
[0 1 -1 0 0 0] concat stroke grestore
 0.3 1 0.3 setrgbcolor
newpath -50.10223 134.44542 moveto
-39.55673 128.35762 lineto
-39.18892 128.14522 -38.73528 128.15552 -38.36678 128.36838 curveto
-27.48505 134.65096 lineto
-27.21725 134.80568 -27.22824 135.20027 -27.5077 135.36163 curveto
-38.79433 141.87813 lineto
-39.18892 142.10587 -39.42123 142.53342 -39.42123 142.9898 curveto
-39.42078 156.49109 lineto
-39.42078 156.93993 -39.63776 157.3661 -40.02502 157.58972 curveto
-50.90698 163.87184 lineto
-51.17477 164.02657 -51.51123 163.81943 -51.51123 163.49625 curveto
-51.51192 150.46371 lineto
-51.51192 150.0158 -51.75087 149.6022 -52.13882 149.37813 curveto
-63.42499 142.86186 lineto
-63.70285 142.70142 -63.68271 142.28668 -63.38379 142.1141 curveto
-51.35605 135.16983 lineto
 closepath fill
 0 setgray
gsave newpath -50.10223 134.44542 moveto
-39.55673 128.35762 lineto
-39.18892 128.14522 -38.73528 128.15552 -38.36678 128.36838 curveto
-27.48505 134.65096 lineto
-27.21725 134.80568 -27.22824 135.20027 -27.5077 135.36163 curveto
-38.79433 141.87813 lineto
-39.18892 142.10587 -39.42123 142.53342 -39.42123 142.9898 curveto
-39.42078 156.49109 lineto
-39.42078 156.93993 -39.63776 157.3661 -40.02502 157.58972 curveto
-50.90698 163.87184 lineto
-51.17477 164.02657 -51.51123 163.81943 -51.51123 163.49625 curveto
-51.51192 150.46371 lineto
-51.51192 150.0158 -51.75087 149.6022 -52.13882 149.37813 curveto
-63.42499 142.86186 lineto
-63.70285 142.70142 -63.68271 142.28668 -63.38379 142.1141 curveto
-51.35605 135.16983 lineto
 closepath
[0 1 -1 0 0 0] concat stroke grestore
 0.45 0.2 0.1 setrgbcolor
newpath -66.04065 82.60872 moveto
-77.5296 89.24149 lineto
-78.81706 89.98512 lineto
-90.50835 96.7353 lineto
-91.77383 97.4659 lineto
-102.85744 103.86475 lineto
-103.13164 104.02313 -103.47336 103.83202 -103.47336 103.52211 curveto
-103.47336 90.95787 lineto
-103.47336 90.5143 -103.21999 90.11375 -102.83478 89.89128 curveto
-91.34583 83.25851 lineto
-90.05836 82.51488 lineto
-78.36708 75.7647 lineto
-77.1016 75.0341 lineto
-66.01799 68.63525 lineto
-65.74379 68.47687 -65.40207 68.66798 -65.40207 68.97789 curveto
-65.40207 81.54213 lineto
-65.40207 81.9857 -65.65544 82.38625 -66.04065 82.60872 curveto closepath fill
 0 setgray
gsave newpath -66.04065 82.60872 moveto
-77.5296 89.24149 lineto
-78.81706 89.98512 lineto
-90.50835 96.7353 lineto
-91.77383 97.4659 lineto
-102.85744 103.86475 lineto
-103.13164 104.02313 -103.47336 103.83202 -103.47336 103.52211 curveto
-103.47336 90.95787 lineto
-103.47336 90.5143 -103.21999 90.11375 -102.83478 89.89128 curveto
-91.34583 83.25851 lineto
-90.05836 82.51488 lineto
-78.36708 75.7647 lineto
-77.1016 75.0341 lineto
-66.01799 68.63525 lineto
-65.74379 68.47687 -65.40207 68.66798 -65.40207 68.97789 curveto
-65.40207 81.54213 lineto
-65.40207 81.9857 -65.65544 82.38625 -66.04065 82.60872 curveto closepath
[0 1 -1 0 0 0] concat stroke grestore
 0.45 0.2 0.1 setrgbcolor
newpath -78.83011 148.96797 moveto
-94.80034 139.74724 lineto
-96.07681 139.01047 lineto
-103.08357 134.96475 lineto
-103.39142 134.78691 -103.4729 134.40468 -103.4729 134.0419 curveto
-103.4729 121.47766 lineto
-103.4729 121.16798 -103.13118 120.9771 -102.85698 121.13548 curveto
-91.77383 127.5341 lineto
-90.50835 128.2647 lineto
-78.81706 135.01488 lineto
-77.52892 135.75851 lineto
-66.03996 142.39128 lineto
-65.65475 142.61353 -65.40207 143.01476 -65.40207 143.45833 curveto
-65.40207 156.02257 lineto
-65.40207 156.33202 -65.74951 156.51993 -66.02898 156.35857 curveto
-77.31606 149.84207 lineto
 closepath fill
 0 setgray
gsave newpath -78.83011 148.96797 moveto
-94.80034 139.74724 lineto
-96.07681 139.01047 lineto
-103.08357 134.96475 lineto
-103.39142 134.78691 -103.4729 134.40468 -103.4729 134.0419 curveto
-103.4729 121.47766 lineto
-103.4729 121.16798 -103.13118 120.9771 -102.85698 121.13548 curveto
-91.77383 127.5341 lineto
-90.50835 128.2647 lineto
-78.81706 135.01488 lineto
-77.52892 135.75851 lineto
-66.03996 142.39128 lineto
-65.65475 142.61353 -65.40207 143.01476 -65.40207 143.45833 curveto
-65.40207 156.02257 lineto
-65.40207 156.33202 -65.74951 156.51993 -66.02898 156.35857 curveto
-77.31606 149.84207 lineto
 closepath
[0 1 -1 0 0 0] concat stroke grestore
 1 0.5 0.2 setrgbcolor
newpath -27.0694 120.10872 moveto
-38.55835 126.74149 lineto
-39.83482 127.47894 lineto
-51.32378 134.11148 lineto
-51.70876 134.33372 -52.18208 134.35295 -52.56592 134.1314 curveto
-63.44765 127.84882 lineto
-63.7159 127.69386 -63.71017 127.3027 -63.43597 127.14432 curveto
-52.3526 120.74547 lineto
-51.07613 120.00801 lineto
-39.18182 113.14156 lineto
-38.78265 112.9113 -38.52127 112.49542 -38.52127 112.03583 curveto
-38.52127 99.0033 lineto
-38.52127 98.68057 -38.18504 98.47366 -37.91702 98.62839 curveto
-27.03506 104.9112 lineto
-26.65443 105.13092 -26.43082 105.54337 -26.43082 105.98373 curveto
-26.43082 119.01627 lineto
-26.43082 119.46808 -26.67778 119.88258 -27.0694 120.10872 curveto closepath
 fill
 0 setgray
gsave newpath -27.0694 120.10872 moveto
-38.55835 126.74149 lineto
-39.83482 127.47894 lineto
-51.32378 134.11148 lineto
-51.70876 134.33372 -52.18208 134.35295 -52.56592 134.1314 curveto
-63.44765 127.84882 lineto
-63.7159 127.69386 -63.71017 127.3027 -63.43597 127.14432 curveto
-52.3526 120.74547 lineto
-51.07613 120.00801 lineto
-39.18182 113.14156 lineto
-38.78265 112.9113 -38.52127 112.49542 -38.52127 112.03583 curveto
-38.52127 99.0033 lineto
-38.52127 98.68057 -38.18504 98.47366 -37.91702 98.62839 curveto
-27.03506 104.9112 lineto
-26.65443 105.13092 -26.43082 105.54337 -26.43082 105.98373 curveto
-26.43082 119.01627 lineto
-26.43082 119.46808 -26.67778 119.88258 -27.0694 120.10872 curveto closepath
[0 1 -1 0 0 0] concat stroke grestore
 1 0.5 0.2 setrgbcolor
newpath -51.51169 118.49648 moveto
-51.51192 105.46394 lineto
-51.51192 104.91531 -51.93832 104.49417 -52.42172 104.21494 curveto
-68.79684 94.76028 lineto
-70.07332 94.02351 lineto
-76.67496 90.21172 lineto
-76.86676 90.10094 -76.72188 89.81575 -76.43738 89.65141 curveto
-65.55634 83.3686 lineto
-65.17227 83.14682 -64.69872 83.16628 -64.3135 83.38852 curveto
-52.82455 90.02106 lineto
-51.54808 90.75851 lineto
-40.05913 97.39128 lineto
-39.66751 97.61742 -39.42123 98.03192 -39.42123 98.48373 curveto
-39.42123 111.51627 lineto
-39.42123 111.95663 -39.64485 112.36908 -40.02548 112.5888 curveto
-50.90744 118.87184 lineto
-51.17546 119.02657 -51.51169 118.81943 -51.51169 118.49648 curveto closepath
 fill
 0 setgray
gsave newpath -51.51169 118.49648 moveto
-51.51192 105.46394 lineto
-51.51192 104.91531 -51.93832 104.49417 -52.42172 104.21494 curveto
-68.79684 94.76028 lineto
-70.07332 94.02351 lineto
-76.67496 90.21172 lineto
-76.86676 90.10094 -76.72188 89.81575 -76.43738 89.65141 curveto
-65.55634 83.3686 lineto
-65.17227 83.14682 -64.69872 83.16628 -64.3135 83.38852 curveto
-52.82455 90.02106 lineto
-51.54808 90.75851 lineto
-40.05913 97.39128 lineto
-39.66751 97.61742 -39.42123 98.03192 -39.42123 98.48373 curveto
-39.42123 111.51627 lineto
-39.42123 111.95663 -39.64485 112.36908 -40.02548 112.5888 curveto
-50.90744 118.87184 lineto
-51.17546 119.02657 -51.51169 118.81943 -51.51169 118.49648 curveto closepath
[0 1 -1 0 0 0] concat stroke grestore
 0.3 0.3 1 setrgbcolor
newpath -79.49226 60.37491 moveto
-91.18355 67.12509 lineto
-91.47217 67.29172 -91.47217 67.70828 -91.18355 67.87491 curveto
-79.49203 74.62555 lineto
-79.20181 74.79309 -79.18556 75.19867 -79.45839 75.35614 curveto
-90.54245 81.75545 lineto
-91.77429 82.46681 lineto
-102.85767 88.86543 lineto
-103.13141 89.02359 -103.47359 88.82584 -103.47359 88.50975 curveto
-103.47359 75.71114 lineto
-103.47359 74.26369 lineto
-103.47336 60.99655 lineto
-103.47336 60.54451 -103.23761 60.12383 -102.84645 59.89792 curveto
-91.55983 53.38165 lineto
-91.17851 53.16147 -90.7093 53.14888 -90.32867 53.3686 curveto
-79.44695 59.65118 lineto
-79.17938 59.80568 -79.20135 60.20691 -79.49226 60.37491 curveto closepath fill
 0 setgray
gsave newpath -79.49226 60.37491 moveto
-91.18355 67.12509 lineto
-91.47217 67.29172 -91.47217 67.70828 -91.18355 67.87491 curveto
-79.49203 74.62555 lineto
-79.20181 74.79309 -79.18556 75.19867 -79.45839 75.35614 curveto
-90.54245 81.75545 lineto
-91.77429 82.46681 lineto
-102.85767 88.86543 lineto
-103.13141 89.02359 -103.47359 88.82584 -103.47359 88.50975 curveto
-103.47359 75.71114 lineto
-103.47359 74.26369 lineto
-103.47336 60.99655 lineto
-103.47336 60.54451 -103.23761 60.12383 -102.84645 59.89792 curveto
-91.55983 53.38165 lineto
-91.17851 53.16147 -90.7093 53.14888 -90.32867 53.3686 curveto
-79.44695 59.65118 lineto
-79.17938 59.80568 -79.20135 60.20691 -79.49226 60.37491 curveto closepath
[0 1 -1 0 0 0] concat stroke grestore
 0.3 0.3 1 setrgbcolor
newpath -103.47359 163.62831 moveto
-103.47359 143.61168 lineto
-103.47359 142.16423 lineto
-103.47359 136.11511 lineto
-103.47359 135.95718 -103.25363 135.90614 -103.06297 136.01624 curveto
-95.67375 140.2826 lineto
-94.44191 140.99327 lineto
-79.66415 149.52621 lineto
-79.28833 149.74342 -79.19975 150.20576 -79.4925 150.37491 curveto
-91.184 157.12509 lineto
-91.47263 157.29172 -91.47263 157.70828 -91.184 157.87491 curveto
-79.4925 164.62509 lineto
-79.20158 164.79309 -79.17961 165.19432 -79.44717 165.34882 curveto
-90.3289 171.6314 lineto
-90.70953 171.85112 -91.17874 171.83853 -91.56006 171.61835 curveto
-102.84668 165.10254 lineto
-103.339 164.81827 -103.47359 164.2083 -103.47359 163.62831 curveto closepath
 fill
 0 setgray
gsave newpath -103.47359 163.62831 moveto
-103.47359 143.61168 lineto
-103.47359 142.16423 lineto
-103.47359 136.11511 lineto
-103.47359 135.95718 -103.25363 135.90614 -103.06297 136.01624 curveto
-95.67375 140.2826 lineto
-94.44191 140.99327 lineto
-79.66415 149.52621 lineto
-79.28833 149.74342 -79.19975 150.20576 -79.4925 150.37491 curveto
-91.184 157.12509 lineto
-91.47263 157.29172 -91.47263 157.70828 -91.184 157.87491 curveto
-79.4925 164.62509 lineto
-79.20158 164.79309 -79.17961 165.19432 -79.44717 165.34882 curveto
-90.3289 171.6314 lineto
-90.70953 171.85112 -91.17874 171.83853 -91.56006 171.61835 curveto
-102.84668 165.10254 lineto
-103.339 164.81827 -103.47359 164.2083 -103.47359 163.62831 curveto closepath
[0 1 -1 0 0 0] concat stroke grestore
 0.1 0 0.5 setrgbcolor
newpath -117.51778 111.63185 moveto
-128.39973 105.34859 lineto
-128.66753 105.19386 -128.65654 104.79927 -128.37708 104.63791 curveto
-117.09091 98.12164 lineto
-116.69632 97.8939 -116.464 97.46635 -116.464 97.00996 curveto
-116.46378 83.5096 lineto
-116.46378 83.06076 -116.24657 82.63458 -115.8593 82.41096 curveto
-104.97734 76.12793 lineto
-104.70909 75.9732 -104.3731 76.1737 -104.3731 76.49048 curveto
-104.3731 89.28932 lineto
-104.3731 90.74982 lineto
-104.37332 104.25018 lineto
-104.37332 105.71136 lineto
-104.37332 118.50975 lineto
-104.37332 118.82515 -104.721 119.0197 -105.00023 118.85857 curveto
-116.28593 112.34253 lineto
 closepath fill
 0 setgray
gsave newpath -117.51778 111.63185 moveto
-128.39973 105.34859 lineto
-128.66753 105.19386 -128.65654 104.79927 -128.37708 104.63791 curveto
-117.09091 98.12164 lineto
-116.69632 97.8939 -116.464 97.46635 -116.464 97.00996 curveto
-116.46378 83.5096 lineto
-116.46378 83.06076 -116.24657 82.63458 -115.8593 82.41096 curveto
-104.97734 76.12793 lineto
-104.70909 75.9732 -104.3731 76.1737 -104.3731 76.49048 curveto
-104.3731 89.28932 lineto
-104.3731 90.74982 lineto
-104.37332 104.25018 lineto
-104.37332 105.71136 lineto
-104.37332 118.50975 lineto
-104.37332 118.82515 -104.721 119.0197 -105.00023 118.85857 curveto
-116.28593 112.34253 lineto
 closepath
[0 1 -1 0 0 0] concat stroke grestore
 0.1 0 0.5 setrgbcolor
newpath -23.93188 119.33624 moveto
-9.98314 111.28326 lineto
-8.77052 110.58357 lineto
-0.88829 106.03226 lineto
-0.68459 105.91461 -0.45021 106.15425 -0.45021 106.47789 curveto
-0.44975 119.04213 lineto
-0.44975 119.48936 -0.71045 119.89037 -1.09932 120.1149 curveto
-12.79083 126.86508 lineto
-13.18634 127.0935 -13.4404 127.5087 -13.4404 127.9644 curveto
-13.43994 140.99739 lineto
-13.43994 141.32217 -13.759 141.53664 -14.0126 141.39015 curveto
-24.31984 135.43877 lineto
-25.55168 134.72809 lineto
-37.41188 127.8804 lineto
-37.70462 127.71149 -37.70027 127.28577 -37.40295 127.1141 curveto
-25.37521 120.16983 lineto
 closepath fill
 0 setgray
gsave newpath -23.93188 119.33624 moveto
-9.98314 111.28326 lineto
-8.77052 110.58357 lineto
-0.88829 106.03226 lineto
-0.68459 105.91461 -0.45021 106.15425 -0.45021 106.47789 curveto
-0.44975 119.04213 lineto
-0.44975 119.48936 -0.71045 119.89037 -1.09932 120.1149 curveto
-12.79083 126.86508 lineto
-13.18634 127.0935 -13.4404 127.5087 -13.4404 127.9644 curveto
-13.43994 140.99739 lineto
-13.43994 141.32217 -13.759 141.53664 -14.0126 141.39015 curveto
-24.31984 135.43877 lineto
-25.55168 134.72809 lineto
-37.41188 127.8804 lineto
-37.70462 127.71149 -37.70027 127.28577 -37.40295 127.1141 curveto
-25.37521 120.16983 lineto
 closepath
[0 1 -1 0 0 0] concat stroke grestore
gsave newpath -12.54044 96.49017 moveto
-12.54044 82.9898 lineto
-12.54044 82.52586 -12.78809 82.09717 -13.19 81.86508 curveto
-24.88129 75.1149 lineto
-25.2832 74.88281 -25.53085 74.45412 -25.53085 73.99017 curveto
-25.53085 60.4898 lineto
-25.53085 60.01808 -25.79384 59.58824 -26.20308 59.35204 curveto
-38.29903 52.36816 lineto
-38.7085 52.13173 -39.21227 52.11914 -39.62082 52.35512 curveto
-51.3121 59.1053 lineto
-51.71402 59.33739 -52.20932 59.33739 -52.61124 59.1053 curveto
-64.30252 52.35512 lineto
-64.70444 52.12303 -65.19974 52.12303 -65.60165 52.35512 curveto
-77.29294 59.1053 lineto
-77.69485 59.33739 -78.19016 59.33739 -78.59207 59.1053 curveto
-90.28336 52.35512 lineto
-90.69191 52.11914 -91.19568 52.13173 -91.60515 52.36816 curveto
-103.7011 59.35204 lineto
-104.11034 59.58824 -104.37332 60.01808 -104.37332 60.4898 curveto
-104.37332 73.99017 lineto
-104.37332 74.45412 -104.62097 74.88281 -105.02289 75.1149 curveto
-116.71417 81.86508 lineto
-117.11609 82.09717 -117.36374 82.52586 -117.36374 82.9898 curveto
-117.36374 96.49017 lineto
-117.36374 96.95412 -117.61139 97.38281 -118.0133 97.6149 curveto
-129.70459 104.36508 lineto
-130.11314 104.60106 -130.35416 105.04326 -130.35416 105.5159 curveto
-130.35416 119.4841 lineto
-130.35416 119.95674 -130.11314 120.39894 -129.70459 120.63492 curveto
-118.0133 127.3851 lineto
-117.61139 127.61719 -117.36374 128.04588 -117.36374 128.50983 curveto
-117.36374 142.0102 lineto
-117.36374 142.47414 -117.11609 142.90283 -116.71417 143.13492 curveto
-105.02289 149.8851 lineto
-104.62097 150.11719 -104.37332 150.54588 -104.37332 151.00983 curveto
-104.37332 164.5102 lineto
-104.37332 164.98192 -104.11034 165.41176 -103.7011 165.64796 curveto
-91.60515 172.63184 lineto
-91.19568 172.86827 -90.69191 172.88086 -90.28336 172.64488 curveto
-78.59207 165.8947 lineto
-78.19016 165.66261 -77.69485 165.66261 -77.29294 165.8947 curveto
-65.60165 172.64488 lineto
-65.19974 172.87697 -64.70444 172.87697 -64.30252 172.64488 curveto
-52.61124 165.8947 lineto
-52.20932 165.66261 -51.71402 165.66261 -51.3121 165.8947 curveto
-39.62082 172.64488 lineto
-39.21227 172.88086 -38.7085 172.86827 -38.29903 172.63184 curveto
-26.20308 165.64796 lineto
-25.79384 165.41176 -25.53085 164.98192 -25.53085 164.5102 curveto
-25.53085 151.00983 lineto
-25.53085 150.54588 -25.2832 150.11719 -24.88129 149.8851 curveto
-13.19 143.13492 lineto
-12.78809 142.90283 -12.54044 142.47414 -12.54044 142.0102 curveto
-12.54044 128.50983 lineto
-12.54044 128.04588 -12.29279 127.61719 -11.89087 127.3851 curveto
-0.19958 120.63492 lineto
0.20897 120.39894 0.44998 119.95674 0.44998 119.4841 curveto
0.44998 105.5159 lineto
0.44998 105.04326 0.20897 104.60106 -0.19958 104.36508 curveto
-11.89087 97.6149 lineto
-12.29279 97.38281 -12.54044 96.95412 -12.54044 96.49017 curveto closepath
[0 1 -1 0 0 0] concat stroke grestore
showpage
%%EOF
