%!PS
%%BoundingBox: -1 -1 151 136 
%%HiResBoundingBox: -0.69998 -0.69998 150.69998 135.69998 
%%Creator: MetaPost 0.901
%%CreationDate: 2008.09.19:1138
%%Pages: 1
%%BeginProlog
%%EndProlog
%%Page: 1 1
 0.5 setgray
newpath 15.44998 73.82217 moveto
15.44998 60.72716 lineto
15.44998 59.22752 lineto
15.44998 45.3225 lineto
15.44998 44.89998 15.11856 44.55002 14.70016 44.55002 curveto
1.1998 44.55002 lineto
0.79353 44.55002 0.44998 44.24263 0.44998 43.84483 curveto
0.44998 31.15517 lineto
0.44998 30.76149 0.7798 30.44998 1.17783 30.44998 curveto
14.27284 30.44998 lineto
15.72784 30.44998 lineto
28.82286 30.44998 lineto
29.22867 30.44998 29.55002 30.78964 29.55002 31.1998 curveto
29.55002 44.70016 lineto
29.55002 45.11421 29.88579 45.44998 30.29984 45.44998 curveto
43.8002 45.44998 lineto
44.20647 45.44998 44.55002 45.75737 44.55002 46.15517 curveto
44.55002 58.84483 lineto
44.55002 59.24263 44.20647 59.55002 43.8002 59.55002 curveto
30.29984 59.55002 lineto
29.88579 59.55002 29.55002 59.88579 29.55002 60.29984 curveto
29.55002 73.8002 lineto
29.55002 74.20647 29.24263 74.55002 28.84483 74.55002 curveto
16.15517 74.55002 lineto
15.76149 74.55002 15.44998 74.2202 15.44998 73.82217 curveto closepath fill
 0 setgray 0 0.5 dtransform truncate idtransform setlinewidth pop [] 0 setdash
 1 setlinejoin 10 setmiterlimit
newpath 15.44998 73.82217 moveto
15.44998 60.72716 lineto
15.44998 59.22752 lineto
15.44998 45.3225 lineto
15.44998 44.89998 15.11856 44.55002 14.70016 44.55002 curveto
1.1998 44.55002 lineto
0.79353 44.55002 0.44998 44.24263 0.44998 43.84483 curveto
0.44998 31.15517 lineto
0.44998 30.76149 0.7798 30.44998 1.17783 30.44998 curveto
14.27284 30.44998 lineto
15.72784 30.44998 lineto
28.82286 30.44998 lineto
29.22867 30.44998 29.55002 30.78964 29.55002 31.1998 curveto
29.55002 44.70016 lineto
29.55002 45.11421 29.88579 45.44998 30.29984 45.44998 curveto
43.8002 45.44998 lineto
44.20647 45.44998 44.55002 45.75737 44.55002 46.15517 curveto
44.55002 58.84483 lineto
44.55002 59.24263 44.20647 59.55002 43.8002 59.55002 curveto
30.29984 59.55002 lineto
29.88579 59.55002 29.55002 59.88579 29.55002 60.29984 curveto
29.55002 73.8002 lineto
29.55002 74.20647 29.24263 74.55002 28.84483 74.55002 curveto
16.15517 74.55002 lineto
15.76149 74.55002 15.44998 74.2202 15.44998 73.82217 curveto closepath stroke
 0.5 setgray
newpath 119.70016 59.55002 moveto
106.1998 59.55002 lineto
105.79353 59.55002 105.44998 59.24263 105.44998 58.84483 curveto
105.44998 46.15517 lineto
105.44998 45.75737 105.79353 45.44998 106.1998 45.44998 curveto
119.70016 45.44998 lineto
120.11421 45.44998 120.44998 45.11421 120.44998 44.70016 curveto
120.44998 31.1998 lineto
120.44998 30.78964 120.77179 30.44998 121.17783 30.44998 curveto
134.27284 30.44998 lineto
135.72784 30.44998 lineto
148.82286 30.44998 lineto
149.22066 30.44998 149.55002 30.76172 149.55002 31.15517 curveto
149.55002 43.84483 lineto
149.55002 44.24263 149.20647 44.55002 148.8002 44.55002 curveto
135.29984 44.55002 lineto
134.88144 44.55002 134.55002 44.89998 134.55002 45.3225 curveto
134.55002 59.22752 lineto
134.55002 60.72784 lineto
134.55002 73.82286 lineto
134.55002 74.22066 134.23828 74.55002 133.84483 74.55002 curveto
121.15517 74.55002 lineto
120.75737 74.55002 120.44998 74.20647 120.44998 73.8002 curveto
120.44998 60.29984 lineto
120.44998 59.88579 120.11421 59.55002 119.70016 59.55002 curveto closepath fill
 0 setgray
newpath 119.70016 59.55002 moveto
106.1998 59.55002 lineto
105.79353 59.55002 105.44998 59.24263 105.44998 58.84483 curveto
105.44998 46.15517 lineto
105.44998 45.75737 105.79353 45.44998 106.1998 45.44998 curveto
119.70016 45.44998 lineto
120.11421 45.44998 120.44998 45.11421 120.44998 44.70016 curveto
120.44998 31.1998 lineto
120.44998 30.78964 120.77179 30.44998 121.17783 30.44998 curveto
134.27284 30.44998 lineto
135.72784 30.44998 lineto
148.82286 30.44998 lineto
149.22066 30.44998 149.55002 30.76172 149.55002 31.15517 curveto
149.55002 43.84483 lineto
149.55002 44.24263 149.20647 44.55002 148.8002 44.55002 curveto
135.29984 44.55002 lineto
134.88144 44.55002 134.55002 44.89998 134.55002 45.3225 curveto
134.55002 59.22752 lineto
134.55002 60.72784 lineto
134.55002 73.82286 lineto
134.55002 74.22066 134.23828 74.55002 133.84483 74.55002 curveto
121.15517 74.55002 lineto
120.75737 74.55002 120.44998 74.20647 120.44998 73.8002 curveto
120.44998 60.29984 lineto
120.44998 59.88579 120.11421 59.55002 119.70016 59.55002 curveto closepath
 stroke
 0.99 setgray
newpath 103.82217 134.55002 moveto
90.72716 134.55002 lineto
89.25018 134.55002 lineto
75.74982 134.55002 lineto
74.25018 134.55002 lineto
60.74982 134.55002 lineto
59.25018 134.55002 lineto
45.74982 134.55002 lineto
44.27216 134.55002 lineto
31.17714 134.55002 lineto
30.77934 134.55002 30.44998 134.23828 30.44998 133.84483 curveto
30.44998 121.15517 lineto
30.44998 120.76149 30.7798 120.44998 31.17783 120.44998 curveto
44.27284 120.44998 lineto
45.74982 120.44998 lineto
59.25018 120.44998 lineto
60.74982 120.44998 lineto
74.25018 120.44998 lineto
75.74982 120.44998 lineto
89.25018 120.44998 lineto
90.72784 120.44998 lineto
103.82286 120.44998 lineto
104.22066 120.44998 104.55002 120.76172 104.55002 121.15517 curveto
104.55002 133.84483 lineto
104.55002 134.23851 104.2202 134.55002 103.82217 134.55002 curveto closepath
 fill
 0 setgray
newpath 103.82217 134.55002 moveto
90.72716 134.55002 lineto
89.25018 134.55002 lineto
75.74982 134.55002 lineto
74.25018 134.55002 lineto
60.74982 134.55002 lineto
59.25018 134.55002 lineto
45.74982 134.55002 lineto
44.27216 134.55002 lineto
31.17714 134.55002 lineto
30.77934 134.55002 30.44998 134.23828 30.44998 133.84483 curveto
30.44998 121.15517 lineto
30.44998 120.76149 30.7798 120.44998 31.17783 120.44998 curveto
44.27284 120.44998 lineto
45.74982 120.44998 lineto
59.25018 120.44998 lineto
60.74982 120.44998 lineto
74.25018 120.44998 lineto
75.74982 120.44998 lineto
89.25018 120.44998 lineto
90.72784 120.44998 lineto
103.82286 120.44998 lineto
104.22066 120.44998 104.55002 120.76172 104.55002 121.15517 curveto
104.55002 133.84483 lineto
104.55002 134.23851 104.2202 134.55002 103.82217 134.55002 curveto closepath
 stroke
 0.7 setgray
newpath 74.55002 15.72784 moveto
74.55002 28.82286 lineto
74.55002 29.22066 74.23828 29.55002 73.84483 29.55002 curveto
61.15517 29.55002 lineto
60.75737 29.55002 60.44998 29.20647 60.44998 28.8002 curveto
60.44998 15.29984 lineto
60.44998 14.88144 60.10002 14.55002 59.6775 14.55002 curveto
45.77248 14.55002 lineto
44.25018 14.55002 lineto
30.74982 14.55002 lineto
29.27216 14.55002 lineto
16.17714 14.55002 lineto
15.77934 14.55002 15.44998 14.23828 15.44998 13.84483 curveto
15.44998 1.15517 lineto
15.44998 0.76149 15.7798 0.44998 16.17783 0.44998 curveto
29.27284 0.44998 lineto
30.74982 0.44998 lineto
44.25018 0.44998 lineto
45.74982 0.44998 lineto
59.25018 0.44998 lineto
60.72784 0.44998 lineto
73.82286 0.44998 lineto
74.22455 0.44998 74.55002 0.77591 74.55002 1.17783 curveto
74.55002 14.27284 lineto
 closepath fill
 0 setgray
newpath 74.55002 15.72784 moveto
74.55002 28.82286 lineto
74.55002 29.22066 74.23828 29.55002 73.84483 29.55002 curveto
61.15517 29.55002 lineto
60.75737 29.55002 60.44998 29.20647 60.44998 28.8002 curveto
60.44998 15.29984 lineto
60.44998 14.88144 60.10002 14.55002 59.6775 14.55002 curveto
45.77248 14.55002 lineto
44.25018 14.55002 lineto
30.74982 14.55002 lineto
29.27216 14.55002 lineto
16.17714 14.55002 lineto
15.77934 14.55002 15.44998 14.23828 15.44998 13.84483 curveto
15.44998 1.15517 lineto
15.44998 0.76149 15.7798 0.44998 16.17783 0.44998 curveto
29.27284 0.44998 lineto
30.74982 0.44998 lineto
44.25018 0.44998 lineto
45.74982 0.44998 lineto
59.25018 0.44998 lineto
60.72784 0.44998 lineto
73.82286 0.44998 lineto
74.22455 0.44998 74.55002 0.77591 74.55002 1.17783 curveto
74.55002 14.27284 lineto
 closepath stroke
 0.7 setgray
newpath 90.74982 0.44998 moveto
104.25018 0.44998 lineto
105.74982 0.44998 lineto
119.25018 0.44998 lineto
120.72784 0.44998 lineto
133.82286 0.44998 lineto
134.22066 0.44998 134.55002 0.76172 134.55002 1.15517 curveto
134.55002 13.84483 lineto
134.55002 14.23851 134.2202 14.55002 133.82217 14.55002 curveto
120.72716 14.55002 lineto
119.25018 14.55002 lineto
105.74982 14.55002 lineto
104.22752 14.55002 lineto
90.3225 14.55002 lineto
89.89998 14.55002 89.55002 14.88144 89.55002 15.29984 curveto
89.55002 28.8002 lineto
89.55002 29.20647 89.24263 29.55002 88.84483 29.55002 curveto
76.15517 29.55002 lineto
75.76149 29.55002 75.44998 29.2202 75.44998 28.82217 curveto
75.44998 15.72716 lineto
75.44998 14.27216 lineto
75.44998 1.17714 lineto
75.44998 0.77545 75.77591 0.44998 76.17783 0.44998 curveto
89.27284 0.44998 lineto
 closepath fill
 0 setgray
newpath 90.74982 0.44998 moveto
104.25018 0.44998 lineto
105.74982 0.44998 lineto
119.25018 0.44998 lineto
120.72784 0.44998 lineto
133.82286 0.44998 lineto
134.22066 0.44998 134.55002 0.76172 134.55002 1.15517 curveto
134.55002 13.84483 lineto
134.55002 14.23851 134.2202 14.55002 133.82217 14.55002 curveto
120.72716 14.55002 lineto
119.25018 14.55002 lineto
105.74982 14.55002 lineto
104.22752 14.55002 lineto
90.3225 14.55002 lineto
89.89998 14.55002 89.55002 14.88144 89.55002 15.29984 curveto
89.55002 28.8002 lineto
89.55002 29.20647 89.24263 29.55002 88.84483 29.55002 curveto
76.15517 29.55002 lineto
75.76149 29.55002 75.44998 29.2202 75.44998 28.82217 curveto
75.44998 15.72716 lineto
75.44998 14.27216 lineto
75.44998 1.17714 lineto
75.44998 0.77545 75.77591 0.44998 76.17783 0.44998 curveto
89.27284 0.44998 lineto
 closepath stroke
 0.8 setgray
newpath 14.55002 91.1998 moveto
14.55002 104.70016 lineto
14.55002 105.11421 14.88579 105.44998 15.29984 105.44998 curveto
28.8002 105.44998 lineto
29.21036 105.44998 29.55002 105.77179 29.55002 106.17783 curveto
29.55002 119.27284 lineto
29.55002 120.72784 lineto
29.55002 133.82286 lineto
29.55002 134.22455 29.22409 134.55002 28.82217 134.55002 curveto
15.72716 134.55002 lineto
14.27216 134.55002 lineto
1.17714 134.55002 lineto
0.77545 134.55002 0.44998 134.22409 0.44998 133.82217 curveto
0.44998 120.72716 lineto
0.44998 119.25018 lineto
0.44998 105.74982 lineto
0.44998 104.27216 lineto
0.44998 91.17714 lineto
0.44998 90.77934 0.76172 90.44998 1.15517 90.44998 curveto
13.84483 90.44998 lineto
14.24263 90.44998 14.55002 90.79353 14.55002 91.1998 curveto closepath fill
 0 setgray
newpath 14.55002 91.1998 moveto
14.55002 104.70016 lineto
14.55002 105.11421 14.88579 105.44998 15.29984 105.44998 curveto
28.8002 105.44998 lineto
29.21036 105.44998 29.55002 105.77179 29.55002 106.17783 curveto
29.55002 119.27284 lineto
29.55002 120.72784 lineto
29.55002 133.82286 lineto
29.55002 134.22455 29.22409 134.55002 28.82217 134.55002 curveto
15.72716 134.55002 lineto
14.27216 134.55002 lineto
1.17714 134.55002 lineto
0.77545 134.55002 0.44998 134.22409 0.44998 133.82217 curveto
0.44998 120.72716 lineto
0.44998 119.25018 lineto
0.44998 105.74982 lineto
0.44998 104.27216 lineto
0.44998 91.17714 lineto
0.44998 90.77934 0.76172 90.44998 1.15517 90.44998 curveto
13.84483 90.44998 lineto
14.24263 90.44998 14.55002 90.79353 14.55002 91.1998 curveto closepath stroke
 0.8 setgray
newpath 149.55002 105.74982 moveto
149.55002 119.25018 lineto
149.55002 120.72784 lineto
149.55002 133.82286 lineto
149.55002 134.22455 149.22409 134.55002 148.82217 134.55002 curveto
135.72716 134.55002 lineto
134.27216 134.55002 lineto
121.17714 134.55002 lineto
120.77545 134.55002 120.44998 134.22409 120.44998 133.82217 curveto
120.44998 120.72716 lineto
120.44998 119.27216 lineto
120.44998 106.17714 lineto
120.44998 105.77133 120.78964 105.44998 121.1998 105.44998 curveto
134.70016 105.44998 lineto
135.11421 105.44998 135.44998 105.11421 135.44998 104.70016 curveto
135.44998 91.1998 lineto
135.44998 90.79353 135.75737 90.44998 136.15517 90.44998 curveto
148.84483 90.44998 lineto
149.23851 90.44998 149.55002 90.7798 149.55002 91.17783 curveto
149.55002 104.27284 lineto
 closepath fill
 0 setgray
newpath 149.55002 105.74982 moveto
149.55002 119.25018 lineto
149.55002 120.72784 lineto
149.55002 133.82286 lineto
149.55002 134.22455 149.22409 134.55002 148.82217 134.55002 curveto
135.72716 134.55002 lineto
134.27216 134.55002 lineto
121.17714 134.55002 lineto
120.77545 134.55002 120.44998 134.22409 120.44998 133.82217 curveto
120.44998 120.72716 lineto
120.44998 119.27216 lineto
120.44998 106.17714 lineto
120.44998 105.77133 120.78964 105.44998 121.1998 105.44998 curveto
134.70016 105.44998 lineto
135.11421 105.44998 135.44998 105.11421 135.44998 104.70016 curveto
135.44998 91.1998 lineto
135.44998 90.79353 135.75737 90.44998 136.15517 90.44998 curveto
148.84483 90.44998 lineto
149.23851 90.44998 149.55002 90.7798 149.55002 91.17783 curveto
149.55002 104.27284 lineto
 closepath stroke
 0.85 setgray
newpath 15.44998 103.8002 moveto
15.44998 90.29984 lineto
15.44998 89.88579 15.11421 89.55002 14.70016 89.55002 curveto
1.1998 89.55002 lineto
0.78964 89.55002 0.44998 89.22821 0.44998 88.82217 curveto
0.44998 75.72716 lineto
0.44998 74.25018 lineto
0.44998 60.74982 lineto
0.44998 59.27216 lineto
0.44998 46.17714 lineto
0.44998 45.77934 0.76172 45.44998 1.15517 45.44998 curveto
13.84483 45.44998 lineto
14.23851 45.44998 14.55002 45.7798 14.55002 46.17783 curveto
14.55002 59.27284 lineto
14.55002 60.77248 lineto
14.55002 74.6775 lineto
14.55002 75.10002 14.88144 75.44998 15.29984 75.44998 curveto
28.8002 75.44998 lineto
29.21036 75.44998 29.55002 75.77179 29.55002 76.17783 curveto
29.55002 89.27284 lineto
29.55002 90.72784 lineto
29.55002 103.82286 lineto
29.55002 104.22066 29.23828 104.55002 28.84483 104.55002 curveto
16.15517 104.55002 lineto
15.75737 104.55002 15.44998 104.20647 15.44998 103.8002 curveto closepath fill
 0 setgray
newpath 15.44998 103.8002 moveto
15.44998 90.29984 lineto
15.44998 89.88579 15.11421 89.55002 14.70016 89.55002 curveto
1.1998 89.55002 lineto
0.78964 89.55002 0.44998 89.22821 0.44998 88.82217 curveto
0.44998 75.72716 lineto
0.44998 74.25018 lineto
0.44998 60.74982 lineto
0.44998 59.27216 lineto
0.44998 46.17714 lineto
0.44998 45.77934 0.76172 45.44998 1.15517 45.44998 curveto
13.84483 45.44998 lineto
14.23851 45.44998 14.55002 45.7798 14.55002 46.17783 curveto
14.55002 59.27284 lineto
14.55002 60.77248 lineto
14.55002 74.6775 lineto
14.55002 75.10002 14.88144 75.44998 15.29984 75.44998 curveto
28.8002 75.44998 lineto
29.21036 75.44998 29.55002 75.77179 29.55002 76.17783 curveto
29.55002 89.27284 lineto
29.55002 90.72784 lineto
29.55002 103.82286 lineto
29.55002 104.22066 29.23828 104.55002 28.84483 104.55002 curveto
16.15517 104.55002 lineto
15.75737 104.55002 15.44998 104.20647 15.44998 103.8002 curveto closepath
 stroke
 0.85 setgray
newpath 120.44998 89.27216 moveto
120.44998 76.17714 lineto
120.44998 75.77133 120.78964 75.44998 121.1998 75.44998 curveto
134.70016 75.44998 lineto
135.11856 75.44998 135.44998 75.10002 135.44998 74.6775 curveto
135.44998 60.77248 lineto
135.44998 59.27216 lineto
135.44998 46.17714 lineto
135.44998 45.77934 135.76172 45.44998 136.15517 45.44998 curveto
148.84483 45.44998 lineto
149.23851 45.44998 149.55002 45.7798 149.55002 46.17783 curveto
149.55002 59.27284 lineto
149.55002 60.74982 lineto
149.55002 74.25018 lineto
149.55002 75.72784 lineto
149.55002 88.82286 lineto
149.55002 89.22867 149.21036 89.55002 148.8002 89.55002 curveto
135.29984 89.55002 lineto
134.88579 89.55002 134.55002 89.88579 134.55002 90.29984 curveto
134.55002 103.8002 lineto
134.55002 104.20647 134.24263 104.55002 133.84483 104.55002 curveto
121.15517 104.55002 lineto
120.76149 104.55002 120.44998 104.2202 120.44998 103.82217 curveto
120.44998 90.72716 lineto
 closepath fill
 0 setgray
newpath 120.44998 89.27216 moveto
120.44998 76.17714 lineto
120.44998 75.77133 120.78964 75.44998 121.1998 75.44998 curveto
134.70016 75.44998 lineto
135.11856 75.44998 135.44998 75.10002 135.44998 74.6775 curveto
135.44998 60.77248 lineto
135.44998 59.27216 lineto
135.44998 46.17714 lineto
135.44998 45.77934 135.76172 45.44998 136.15517 45.44998 curveto
148.84483 45.44998 lineto
149.23851 45.44998 149.55002 45.7798 149.55002 46.17783 curveto
149.55002 59.27284 lineto
149.55002 60.74982 lineto
149.55002 74.25018 lineto
149.55002 75.72784 lineto
149.55002 88.82286 lineto
149.55002 89.22867 149.21036 89.55002 148.8002 89.55002 curveto
135.29984 89.55002 lineto
134.88579 89.55002 134.55002 89.88579 134.55002 90.29984 curveto
134.55002 103.8002 lineto
134.55002 104.20647 134.24263 104.55002 133.84483 104.55002 curveto
121.15517 104.55002 lineto
120.76149 104.55002 120.44998 104.2202 120.44998 103.82217 curveto
120.44998 90.72716 lineto
 closepath stroke
 0.9 setgray
newpath 76.17783 105.44998 moveto
89.27284 105.44998 lineto
90.77248 105.44998 lineto
104.6775 105.44998 lineto
105.10002 105.44998 105.44998 105.11856 105.44998 104.70016 curveto
105.44998 91.1998 lineto
105.44998 90.79353 105.75737 90.44998 106.15517 90.44998 curveto
118.84483 90.44998 lineto
119.23851 90.44998 119.55002 90.7798 119.55002 91.17783 curveto
119.55002 104.27284 lineto
119.55002 105.74982 lineto
119.55002 119.25018 lineto
119.55002 120.72784 lineto
119.55002 133.82286 lineto
119.55002 134.22066 119.23828 134.55002 118.84483 134.55002 curveto
106.15517 134.55002 lineto
105.75737 134.55002 105.44998 134.20647 105.44998 133.8002 curveto
105.44998 120.29984 lineto
105.44998 119.88144 105.10002 119.55002 104.6775 119.55002 curveto
90.77248 119.55002 lineto
89.27216 119.55002 lineto
76.17714 119.55002 lineto
75.77934 119.55002 75.44998 119.23828 75.44998 118.84483 curveto
75.44998 106.15517 lineto
75.44998 105.76149 75.7798 105.44998 76.17783 105.44998 curveto closepath fill
 0 setgray
newpath 76.17783 105.44998 moveto
89.27284 105.44998 lineto
90.77248 105.44998 lineto
104.6775 105.44998 lineto
105.10002 105.44998 105.44998 105.11856 105.44998 104.70016 curveto
105.44998 91.1998 lineto
105.44998 90.79353 105.75737 90.44998 106.15517 90.44998 curveto
118.84483 90.44998 lineto
119.23851 90.44998 119.55002 90.7798 119.55002 91.17783 curveto
119.55002 104.27284 lineto
119.55002 105.74982 lineto
119.55002 119.25018 lineto
119.55002 120.72784 lineto
119.55002 133.82286 lineto
119.55002 134.22066 119.23828 134.55002 118.84483 134.55002 curveto
106.15517 134.55002 lineto
105.75737 134.55002 105.44998 134.20647 105.44998 133.8002 curveto
105.44998 120.29984 lineto
105.44998 119.88144 105.10002 119.55002 104.6775 119.55002 curveto
90.77248 119.55002 lineto
89.27216 119.55002 lineto
76.17714 119.55002 lineto
75.77934 119.55002 75.44998 119.23828 75.44998 118.84483 curveto
75.44998 106.15517 lineto
75.44998 105.76149 75.7798 105.44998 76.17783 105.44998 curveto closepath
 stroke
 0.92 setgray
newpath 104.25018 89.55002 moveto
90.74982 89.55002 lineto
89.27216 89.55002 lineto
76.17714 89.55002 lineto
75.77545 89.55002 75.44998 89.22409 75.44998 88.82217 curveto
75.44998 75.72716 lineto
75.44998 74.27216 lineto
75.44998 61.17714 lineto
75.44998 60.77934 75.76172 60.44998 76.15517 60.44998 curveto
88.84483 60.44998 lineto
89.24263 60.44998 89.55002 60.79353 89.55002 61.1998 curveto
89.55002 74.70016 lineto
89.55002 75.12268 89.91394 75.44998 90.34515 75.44998 curveto
104.65485 75.44998 lineto
105.08606 75.44998 105.44998 75.12268 105.44998 74.70016 curveto
105.44998 61.1998 lineto
105.44998 60.79353 105.75737 60.44998 106.15517 60.44998 curveto
118.84483 60.44998 lineto
119.23851 60.44998 119.55002 60.7798 119.55002 61.17783 curveto
119.55002 74.27284 lineto
119.55002 75.72784 lineto
119.55002 88.82286 lineto
119.55002 89.22455 119.22409 89.55002 118.82217 89.55002 curveto
105.72716 89.55002 lineto
 closepath fill
 0 setgray
newpath 104.25018 89.55002 moveto
90.74982 89.55002 lineto
89.27216 89.55002 lineto
76.17714 89.55002 lineto
75.77545 89.55002 75.44998 89.22409 75.44998 88.82217 curveto
75.44998 75.72716 lineto
75.44998 74.27216 lineto
75.44998 61.17714 lineto
75.44998 60.77934 75.76172 60.44998 76.15517 60.44998 curveto
88.84483 60.44998 lineto
89.24263 60.44998 89.55002 60.79353 89.55002 61.1998 curveto
89.55002 74.70016 lineto
89.55002 75.12268 89.91394 75.44998 90.34515 75.44998 curveto
104.65485 75.44998 lineto
105.08606 75.44998 105.44998 75.12268 105.44998 74.70016 curveto
105.44998 61.1998 lineto
105.44998 60.79353 105.75737 60.44998 106.15517 60.44998 curveto
118.84483 60.44998 lineto
119.23851 60.44998 119.55002 60.7798 119.55002 61.17783 curveto
119.55002 74.27284 lineto
119.55002 75.72784 lineto
119.55002 88.82286 lineto
119.55002 89.22455 119.22409 89.55002 118.82217 89.55002 curveto
105.72716 89.55002 lineto
 closepath stroke
 0.6 setgray
newpath 30.44998 104.25018 moveto
30.44998 90.74982 lineto
30.44998 89.27216 lineto
30.44998 76.17714 lineto
30.44998 75.77934 30.76172 75.44998 31.15517 75.44998 curveto
43.84483 75.44998 lineto
44.23851 75.44998 44.55002 75.7798 44.55002 76.17783 curveto
44.55002 89.27284 lineto
44.55002 90.77248 lineto
44.55002 104.6775 lineto
44.55002 105.10414 44.89586 105.44998 45.3225 105.44998 curveto
59.22752 105.44998 lineto
60.72784 105.44998 lineto
73.82286 105.44998 lineto
74.22066 105.44998 74.55002 105.76172 74.55002 106.15517 curveto
74.55002 118.84483 lineto
74.55002 119.23851 74.2202 119.55002 73.82217 119.55002 curveto
60.72716 119.55002 lineto
59.25018 119.55002 lineto
45.74982 119.55002 lineto
44.27216 119.55002 lineto
31.17714 119.55002 lineto
30.77545 119.55002 30.44998 119.22409 30.44998 118.82217 curveto
30.44998 105.72716 lineto
 closepath fill
 0 setgray
newpath 30.44998 104.25018 moveto
30.44998 90.74982 lineto
30.44998 89.27216 lineto
30.44998 76.17714 lineto
30.44998 75.77934 30.76172 75.44998 31.15517 75.44998 curveto
43.84483 75.44998 lineto
44.23851 75.44998 44.55002 75.7798 44.55002 76.17783 curveto
44.55002 89.27284 lineto
44.55002 90.77248 lineto
44.55002 104.6775 lineto
44.55002 105.10414 44.89586 105.44998 45.3225 105.44998 curveto
59.22752 105.44998 lineto
60.72784 105.44998 lineto
73.82286 105.44998 lineto
74.22066 105.44998 74.55002 105.76172 74.55002 106.15517 curveto
74.55002 118.84483 lineto
74.55002 119.23851 74.2202 119.55002 73.82217 119.55002 curveto
60.72716 119.55002 lineto
59.25018 119.55002 lineto
45.74982 119.55002 lineto
44.27216 119.55002 lineto
31.17714 119.55002 lineto
30.77545 119.55002 30.44998 119.22409 30.44998 118.82217 curveto
30.44998 105.72716 lineto
 closepath stroke
 0.94 setgray
newpath 45.44998 29.27216 moveto
45.44998 16.17714 lineto
45.44998 15.77934 45.76172 15.44998 46.15517 15.44998 curveto
58.84483 15.44998 lineto
59.24263 15.44998 59.55002 15.79353 59.55002 16.1998 curveto
59.55002 29.70016 lineto
59.55002 30.11421 59.88579 30.44998 60.29984 30.44998 curveto
73.8002 30.44998 lineto
74.21425 30.44998 74.55002 30.78575 74.55002 31.1998 curveto
74.55002 44.70016 lineto
74.55002 45.11421 74.88579 45.44998 75.29984 45.44998 curveto
88.8002 45.44998 lineto
89.20647 45.44998 89.55002 45.75737 89.55002 46.15517 curveto
89.55002 58.84483 lineto
89.55002 59.23851 89.2202 59.55002 88.82217 59.55002 curveto
75.72716 59.55002 lineto
74.27216 59.55002 lineto
61.17714 59.55002 lineto
60.77133 59.55002 60.44998 59.21036 60.44998 58.8002 curveto
60.44998 45.29984 lineto
60.44998 44.88579 60.11421 44.55002 59.70016 44.55002 curveto
46.1998 44.55002 lineto
45.78964 44.55002 45.44998 44.22821 45.44998 43.82217 curveto
45.44998 30.72716 lineto
 closepath fill
 0 setgray
newpath 45.44998 29.27216 moveto
45.44998 16.17714 lineto
45.44998 15.77934 45.76172 15.44998 46.15517 15.44998 curveto
58.84483 15.44998 lineto
59.24263 15.44998 59.55002 15.79353 59.55002 16.1998 curveto
59.55002 29.70016 lineto
59.55002 30.11421 59.88579 30.44998 60.29984 30.44998 curveto
73.8002 30.44998 lineto
74.21425 30.44998 74.55002 30.78575 74.55002 31.1998 curveto
74.55002 44.70016 lineto
74.55002 45.11421 74.88579 45.44998 75.29984 45.44998 curveto
88.8002 45.44998 lineto
89.20647 45.44998 89.55002 45.75737 89.55002 46.15517 curveto
89.55002 58.84483 lineto
89.55002 59.23851 89.2202 59.55002 88.82217 59.55002 curveto
75.72716 59.55002 lineto
74.27216 59.55002 lineto
61.17714 59.55002 lineto
60.77133 59.55002 60.44998 59.21036 60.44998 58.8002 curveto
60.44998 45.29984 lineto
60.44998 44.88579 60.11421 44.55002 59.70016 44.55002 curveto
46.1998 44.55002 lineto
45.78964 44.55002 45.44998 44.22821 45.44998 43.82217 curveto
45.44998 30.72716 lineto
 closepath stroke
 0.4 setgray
newpath 59.55002 46.1998 moveto
59.55002 59.70016 lineto
59.55002 60.11421 59.88579 60.44998 60.29984 60.44998 curveto
73.8002 60.44998 lineto
74.20647 60.44998 74.55002 60.75737 74.55002 61.15517 curveto
74.55002 73.84483 lineto
74.55002 74.24263 74.20647 74.55002 73.8002 74.55002 curveto
60.29984 74.55002 lineto
59.88579 74.55002 59.55002 74.88579 59.55002 75.29984 curveto
59.55002 88.8002 lineto
59.55002 89.20647 59.24263 89.55002 58.84483 89.55002 curveto
46.15517 89.55002 lineto
45.75737 89.55002 45.44998 89.20647 45.44998 88.8002 curveto
45.44998 75.29984 lineto
45.44998 74.88579 45.11421 74.55002 44.70016 74.55002 curveto
31.1998 74.55002 lineto
30.79353 74.55002 30.44998 74.24263 30.44998 73.84483 curveto
30.44998 61.15517 lineto
30.44998 60.75737 30.79353 60.44998 31.1998 60.44998 curveto
44.70016 60.44998 lineto
45.11421 60.44998 45.44998 60.11421 45.44998 59.70016 curveto
45.44998 46.1998 lineto
45.44998 45.79353 45.75737 45.44998 46.15517 45.44998 curveto
58.84483 45.44998 lineto
59.24263 45.44998 59.55002 45.79353 59.55002 46.1998 curveto closepath fill
 0 setgray
newpath 59.55002 46.1998 moveto
59.55002 59.70016 lineto
59.55002 60.11421 59.88579 60.44998 60.29984 60.44998 curveto
73.8002 60.44998 lineto
74.20647 60.44998 74.55002 60.75737 74.55002 61.15517 curveto
74.55002 73.84483 lineto
74.55002 74.24263 74.20647 74.55002 73.8002 74.55002 curveto
60.29984 74.55002 lineto
59.88579 74.55002 59.55002 74.88579 59.55002 75.29984 curveto
59.55002 88.8002 lineto
59.55002 89.20647 59.24263 89.55002 58.84483 89.55002 curveto
46.15517 89.55002 lineto
45.75737 89.55002 45.44998 89.20647 45.44998 88.8002 curveto
45.44998 75.29984 lineto
45.44998 74.88579 45.11421 74.55002 44.70016 74.55002 curveto
31.1998 74.55002 lineto
30.79353 74.55002 30.44998 74.24263 30.44998 73.84483 curveto
30.44998 61.15517 lineto
30.44998 60.75737 30.79353 60.44998 31.1998 60.44998 curveto
44.70016 60.44998 lineto
45.11421 60.44998 45.44998 60.11421 45.44998 59.70016 curveto
45.44998 46.1998 lineto
45.44998 45.79353 45.75737 45.44998 46.15517 45.44998 curveto
58.84483 45.44998 lineto
59.24263 45.44998 59.55002 45.79353 59.55002 46.1998 curveto closepath stroke
 0.96 setgray
newpath 103.82217 104.55002 moveto
90.72716 104.55002 lineto
89.25018 104.55002 lineto
75.74982 104.55002 lineto
74.25018 104.55002 lineto
60.74982 104.55002 lineto
59.27216 104.55002 lineto
46.17714 104.55002 lineto
45.77934 104.55002 45.44998 104.23828 45.44998 103.84483 curveto
45.44998 91.15517 lineto
45.44998 90.75737 45.79353 90.44998 46.1998 90.44998 curveto
59.70016 90.44998 lineto
60.11421 90.44998 60.44998 90.11421 60.44998 89.70016 curveto
60.44998 76.1998 lineto
60.44998 75.79353 60.75737 75.44998 61.15517 75.44998 curveto
73.84483 75.44998 lineto
74.24263 75.44998 74.55002 75.79353 74.55002 76.1998 curveto
74.55002 89.70016 lineto
74.55002 90.11856 74.89998 90.44998 75.3225 90.44998 curveto
89.22752 90.44998 lineto
90.72784 90.44998 lineto
103.82286 90.44998 lineto
104.22066 90.44998 104.55002 90.76172 104.55002 91.15517 curveto
104.55002 103.84483 lineto
104.55002 104.23851 104.2202 104.55002 103.82217 104.55002 curveto closepath
 fill
 0 setgray
newpath 103.82217 104.55002 moveto
90.72716 104.55002 lineto
89.25018 104.55002 lineto
75.74982 104.55002 lineto
74.25018 104.55002 lineto
60.74982 104.55002 lineto
59.27216 104.55002 lineto
46.17714 104.55002 lineto
45.77934 104.55002 45.44998 104.23828 45.44998 103.84483 curveto
45.44998 91.15517 lineto
45.44998 90.75737 45.79353 90.44998 46.1998 90.44998 curveto
59.70016 90.44998 lineto
60.11421 90.44998 60.44998 90.11421 60.44998 89.70016 curveto
60.44998 76.1998 lineto
60.44998 75.79353 60.75737 75.44998 61.15517 75.44998 curveto
73.84483 75.44998 lineto
74.24263 75.44998 74.55002 75.79353 74.55002 76.1998 curveto
74.55002 89.70016 lineto
74.55002 90.11856 74.89998 90.44998 75.3225 90.44998 curveto
89.22752 90.44998 lineto
90.72784 90.44998 lineto
103.82286 90.44998 lineto
104.22066 90.44998 104.55002 90.76172 104.55002 91.15517 curveto
104.55002 103.84483 lineto
104.55002 104.23851 104.2202 104.55002 103.82217 104.55002 curveto closepath
 stroke
 0.96 setgray
newpath 90.44998 59.22752 moveto
90.44998 45.3225 lineto
90.44998 44.89998 90.11856 44.55002 89.70016 44.55002 curveto
76.1998 44.55002 lineto
75.79353 44.55002 75.44998 44.24263 75.44998 43.84483 curveto
75.44998 31.15517 lineto
75.44998 30.75737 75.79353 30.44998 76.1998 30.44998 curveto
89.70016 30.44998 lineto
90.11421 30.44998 90.44998 30.11421 90.44998 29.70016 curveto
90.44998 16.1998 lineto
90.44998 15.79353 90.75737 15.44998 91.15517 15.44998 curveto
103.84483 15.44998 lineto
104.23851 15.44998 104.55002 15.7798 104.55002 16.17783 curveto
104.55002 29.27284 lineto
104.55002 30.74982 lineto
104.55002 44.25018 lineto
104.55002 45.74982 lineto
104.55002 59.25018 lineto
104.55002 60.72784 lineto
104.55002 73.82286 lineto
104.55002 74.22066 104.23828 74.55002 103.84483 74.55002 curveto
91.15517 74.55002 lineto
90.76149 74.55002 90.44998 74.2202 90.44998 73.82217 curveto
90.44998 60.72716 lineto
 closepath fill
 0 setgray
newpath 90.44998 59.22752 moveto
90.44998 45.3225 lineto
90.44998 44.89998 90.11856 44.55002 89.70016 44.55002 curveto
76.1998 44.55002 lineto
75.79353 44.55002 75.44998 44.24263 75.44998 43.84483 curveto
75.44998 31.15517 lineto
75.44998 30.75737 75.79353 30.44998 76.1998 30.44998 curveto
89.70016 30.44998 lineto
90.11421 30.44998 90.44998 30.11421 90.44998 29.70016 curveto
90.44998 16.1998 lineto
90.44998 15.79353 90.75737 15.44998 91.15517 15.44998 curveto
103.84483 15.44998 lineto
104.23851 15.44998 104.55002 15.7798 104.55002 16.17783 curveto
104.55002 29.27284 lineto
104.55002 30.74982 lineto
104.55002 44.25018 lineto
104.55002 45.74982 lineto
104.55002 59.25018 lineto
104.55002 60.72784 lineto
104.55002 73.82286 lineto
104.55002 74.22066 104.23828 74.55002 103.84483 74.55002 curveto
91.15517 74.55002 lineto
90.76149 74.55002 90.44998 74.2202 90.44998 73.82217 curveto
90.44998 60.72716 lineto
 closepath stroke
 0.98 setgray
newpath 44.55002 30.72784 moveto
44.55002 43.82286 lineto
44.55002 44.22066 44.23828 44.55002 43.84483 44.55002 curveto
31.15517 44.55002 lineto
30.75737 44.55002 30.44998 44.20647 30.44998 43.8002 curveto
30.44998 30.29984 lineto
30.44998 29.88144 30.10002 29.55002 29.6775 29.55002 curveto
15.77248 29.55002 lineto
14.27216 29.55002 lineto
1.17714 29.55002 lineto
0.77545 29.55002 0.44998 29.22409 0.44998 28.82217 curveto
0.44998 15.72716 lineto
0.44998 14.27216 lineto
0.44998 1.17714 lineto
0.44998 0.77934 0.76172 0.44998 1.15517 0.44998 curveto
13.84483 0.44998 lineto
14.24263 0.44998 14.55002 0.79353 14.55002 1.1998 curveto
14.55002 14.70016 lineto
14.55002 15.11856 14.89998 15.44998 15.3225 15.44998 curveto
29.22752 15.44998 lineto
30.72784 15.44998 lineto
43.82286 15.44998 lineto
44.22455 15.44998 44.55002 15.77591 44.55002 16.17783 curveto
44.55002 29.27284 lineto
 closepath fill
 0 setgray
newpath 44.55002 30.72784 moveto
44.55002 43.82286 lineto
44.55002 44.22066 44.23828 44.55002 43.84483 44.55002 curveto
31.15517 44.55002 lineto
30.75737 44.55002 30.44998 44.20647 30.44998 43.8002 curveto
30.44998 30.29984 lineto
30.44998 29.88144 30.10002 29.55002 29.6775 29.55002 curveto
15.77248 29.55002 lineto
14.27216 29.55002 lineto
1.17714 29.55002 lineto
0.77545 29.55002 0.44998 29.22409 0.44998 28.82217 curveto
0.44998 15.72716 lineto
0.44998 14.27216 lineto
0.44998 1.17714 lineto
0.44998 0.77934 0.76172 0.44998 1.15517 0.44998 curveto
13.84483 0.44998 lineto
14.24263 0.44998 14.55002 0.79353 14.55002 1.1998 curveto
14.55002 14.70016 lineto
14.55002 15.11856 14.89998 15.44998 15.3225 15.44998 curveto
29.22752 15.44998 lineto
30.72784 15.44998 lineto
43.82286 15.44998 lineto
44.22455 15.44998 44.55002 15.77591 44.55002 16.17783 curveto
44.55002 29.27284 lineto
 closepath stroke
 0.98 setgray
newpath 120.77248 15.44998 moveto
134.6775 15.44998 lineto
135.10002 15.44998 135.44998 15.11856 135.44998 14.70016 curveto
135.44998 1.1998 lineto
135.44998 0.79353 135.75737 0.44998 136.15517 0.44998 curveto
148.84483 0.44998 lineto
149.23851 0.44998 149.55002 0.7798 149.55002 1.17783 curveto
149.55002 14.27284 lineto
149.55002 15.72784 lineto
149.55002 28.82286 lineto
149.55002 29.22455 149.22409 29.55002 148.82217 29.55002 curveto
135.72716 29.55002 lineto
134.22752 29.55002 lineto
120.3225 29.55002 lineto
119.89998 29.55002 119.55002 29.88144 119.55002 30.29984 curveto
119.55002 43.8002 lineto
119.55002 44.20647 119.24263 44.55002 118.84483 44.55002 curveto
106.15517 44.55002 lineto
105.76149 44.55002 105.44998 44.2202 105.44998 43.82217 curveto
105.44998 30.72716 lineto
105.44998 29.27216 lineto
105.44998 16.17714 lineto
105.44998 15.77545 105.77591 15.44998 106.17783 15.44998 curveto
119.27284 15.44998 lineto
 closepath fill
 0 setgray
newpath 120.77248 15.44998 moveto
134.6775 15.44998 lineto
135.10002 15.44998 135.44998 15.11856 135.44998 14.70016 curveto
135.44998 1.1998 lineto
135.44998 0.79353 135.75737 0.44998 136.15517 0.44998 curveto
148.84483 0.44998 lineto
149.23851 0.44998 149.55002 0.7798 149.55002 1.17783 curveto
149.55002 14.27284 lineto
149.55002 15.72784 lineto
149.55002 28.82286 lineto
149.55002 29.22455 149.22409 29.55002 148.82217 29.55002 curveto
135.72716 29.55002 lineto
134.22752 29.55002 lineto
120.3225 29.55002 lineto
119.89998 29.55002 119.55002 29.88144 119.55002 30.29984 curveto
119.55002 43.8002 lineto
119.55002 44.20647 119.24263 44.55002 118.84483 44.55002 curveto
106.15517 44.55002 lineto
105.76149 44.55002 105.44998 44.2202 105.44998 43.82217 curveto
105.44998 30.72716 lineto
105.44998 29.27216 lineto
105.44998 16.17714 lineto
105.44998 15.77545 105.77591 15.44998 106.17783 15.44998 curveto
119.27284 15.44998 lineto
 closepath stroke
newpath -0.44998 15.74982 moveto
-0.44998 29.25018 lineto
-0.44998 30.74982 lineto
-0.44998 44.25018 lineto
-0.44998 45.74982 lineto
-0.44998 59.25018 lineto
-0.44998 60.74982 lineto
-0.44998 74.25018 lineto
-0.44998 75.74982 lineto
-0.44998 89.25018 lineto
-0.44998 90.74982 lineto
-0.44998 104.25018 lineto
-0.44998 105.74982 lineto
-0.44998 119.25018 lineto
-0.44998 120.77248 lineto
-0.44998 134.6775 lineto
-0.44998 135.10414 -0.10414 135.44998 0.3225 135.44998 curveto
14.22752 135.44998 lineto
15.74982 135.44998 lineto
29.25018 135.44998 lineto
30.74982 135.44998 lineto
44.25018 135.44998 lineto
45.74982 135.44998 lineto
59.25018 135.44998 lineto
60.74982 135.44998 lineto
74.25018 135.44998 lineto
75.74982 135.44998 lineto
89.25018 135.44998 lineto
90.74982 135.44998 lineto
104.25018 135.44998 lineto
105.74982 135.44998 lineto
119.25018 135.44998 lineto
120.74982 135.44998 lineto
134.25018 135.44998 lineto
135.77248 135.44998 lineto
149.6775 135.44998 lineto
150.10414 135.44998 150.44998 135.10414 150.44998 134.6775 curveto
150.44998 120.77248 lineto
150.44998 119.25018 lineto
150.44998 105.74982 lineto
150.44998 104.25018 lineto
150.44998 90.74982 lineto
150.44998 89.25018 lineto
150.44998 75.74982 lineto
150.44998 74.25018 lineto
150.44998 60.74982 lineto
150.44998 59.25018 lineto
150.44998 45.74982 lineto
150.44998 44.25018 lineto
150.44998 30.74982 lineto
150.44998 29.25018 lineto
150.44998 15.74982 lineto
150.44998 14.22752 lineto
150.44998 0.3225 lineto
150.44998 -0.10414 150.10414 -0.44998 149.6775 -0.44998 curveto
135.77248 -0.44998 lineto
134.25018 -0.44998 lineto
120.74982 -0.44998 lineto
119.25018 -0.44998 lineto
105.74982 -0.44998 lineto
104.25018 -0.44998 lineto
90.74982 -0.44998 lineto
89.25018 -0.44998 lineto
75.74982 -0.44998 lineto
74.25018 -0.44998 lineto
60.74982 -0.44998 lineto
59.25018 -0.44998 lineto
45.74982 -0.44998 lineto
44.25018 -0.44998 lineto
30.74982 -0.44998 lineto
29.25018 -0.44998 lineto
15.74982 -0.44998 lineto
14.22752 -0.44998 lineto
0.3225 -0.44998 lineto
-0.10414 -0.44998 -0.44998 -0.10414 -0.44998 0.3225 curveto
-0.44998 14.22752 lineto
 closepath stroke
showpage
%%EOF
