%!PS
%%BoundingBox: -105 44 1 166 
%%HiResBoundingBox: -104.62332 44.3029 0.69998 165.56499 
%%Creator: MetaPost 0.901
%%CreationDate: 2008.09.19:1138
%%Pages: 1
%%BeginProlog
%%EndProlog
%%Page: 1 1
 0.9 setgray
newpath -13.19 127.09534 moveto
-24.88129 133.84552 lineto
-25.1722 134.01352 -25.53085 133.83156 -25.53085 133.52211 curveto
-25.53085 120.95787 lineto
-25.53085 120.5143 -25.27748 120.11353 -24.89227 119.89105 curveto
-13.40332 113.25806 lineto
-12.14928 112.53365 lineto
-1.06567 106.1348 lineto
-0.77385 105.96634 -0.44975 105.8828 -0.44975 106.11488 curveto
-0.44975 112.16423 lineto
-0.44975 113.61237 lineto
-0.44998 133.62854 lineto
-0.44998 134.2012 -0.56831 134.80843 -1.05423 135.08904 curveto
-11.93619 141.37161 lineto
-12.20375 141.52611 -12.54044 141.30638 -12.54044 140.97061 curveto
-12.54044 127.47025 lineto
-12.54044 127.137 -12.90138 126.92848 -13.19 127.09534 curveto closepath fill
 0 setgray 0 0.5 dtransform truncate idtransform setlinewidth pop [] 0 setdash
 1 setlinejoin 10 setmiterlimit
gsave newpath -13.19 127.09534 moveto
-24.88129 133.84552 lineto
-25.1722 134.01352 -25.53085 133.83156 -25.53085 133.52211 curveto
-25.53085 120.95787 lineto
-25.53085 120.5143 -25.27748 120.11353 -24.89227 119.89105 curveto
-13.40332 113.25806 lineto
-12.14928 112.53365 lineto
-1.06567 106.1348 lineto
-0.77385 105.96634 -0.44975 105.8828 -0.44975 106.11488 curveto
-0.44975 112.16423 lineto
-0.44975 113.61237 lineto
-0.44998 133.62854 lineto
-0.44998 134.2012 -0.56831 134.80843 -1.05423 135.08904 curveto
-11.93619 141.37161 lineto
-12.20375 141.52611 -12.54044 141.30638 -12.54044 140.97061 curveto
-12.54044 127.47025 lineto
-12.54044 127.137 -12.90138 126.92848 -13.19 127.09534 curveto closepath
[0 1 -1 0 0 0] concat stroke grestore
 0.99 setgray
newpath -26.43082 90.71136 moveto
-26.43082 103.50975 lineto
-26.43082 103.82515 -26.77849 104.0197 -27.05772 103.85857 curveto
-38.34435 97.34207 lineto
-38.7323 97.118 -39.2102 97.118 -39.59816 97.34207 curveto
-50.88478 103.85857 lineto
-51.16379 104.0197 -51.51169 103.82492 -51.51169 103.50906 curveto
-51.51169 90.71068 lineto
-51.51169 89.28864 lineto
-51.51169 76.49025 lineto
-51.51169 76.17485 -51.16402 75.9803 -50.88478 76.14143 curveto
-39.59816 82.65793 lineto
-39.2102 82.882 -38.7323 82.882 -38.34435 82.65793 curveto
-27.05772 76.14143 lineto
-26.77872 75.9803 -26.43082 76.17508 -26.43082 76.49094 curveto
-26.43082 89.28932 lineto
 closepath fill
 0 setgray
gsave newpath -26.43082 90.71136 moveto
-26.43082 103.50975 lineto
-26.43082 103.82515 -26.77849 104.0197 -27.05772 103.85857 curveto
-38.34435 97.34207 lineto
-38.7323 97.118 -39.2102 97.118 -39.59816 97.34207 curveto
-50.88478 103.85857 lineto
-51.16379 104.0197 -51.51169 103.82492 -51.51169 103.50906 curveto
-51.51169 90.71068 lineto
-51.51169 89.28864 lineto
-51.51169 76.49025 lineto
-51.51169 76.17485 -51.16402 75.9803 -50.88478 76.14143 curveto
-39.59816 82.65793 lineto
-39.2102 82.882 -38.7323 82.882 -38.34435 82.65793 curveto
-27.05772 76.14143 lineto
-26.77872 75.9803 -26.43082 76.17508 -26.43082 76.49094 curveto
-26.43082 89.28932 lineto
 closepath
[0 1 -1 0 0 0] concat stroke grestore
 0.93 setgray
newpath -91.3829 113.5096 moveto
-91.38268 127.01065 lineto
-91.38268 127.4746 -91.13503 127.90329 -90.73311 128.13538 curveto
-79.0416 134.88579 lineto
-78.65273 135.11032 -78.39203 135.51178 -78.39203 135.95901 curveto
-78.39203 148.52325 lineto
-78.39203 148.8462 -78.28697 149.28154 -78.54378 149.13345 curveto
-81.27434 147.55737 lineto
-82.52838 146.83296 lineto
-102.37106 135.37697 lineto
-102.92496 135.05722 -103.47313 134.62898 -103.47313 134.00368 curveto
-103.47336 120.73677 lineto
-103.47336 119.28864 lineto
-103.47336 106.49025 lineto
-103.47336 106.17393 -103.13736 105.97366 -102.86911 106.12839 curveto
-91.98715 112.41096 lineto
-91.59988 112.63458 -91.3829 113.06076 -91.3829 113.5096 curveto closepath fill
 0 setgray
gsave newpath -91.3829 113.5096 moveto
-91.38268 127.01065 lineto
-91.38268 127.4746 -91.13503 127.90329 -90.73311 128.13538 curveto
-79.0416 134.88579 lineto
-78.65273 135.11032 -78.39203 135.51178 -78.39203 135.95901 curveto
-78.39203 148.52325 lineto
-78.39203 148.8462 -78.28697 149.28154 -78.54378 149.13345 curveto
-81.27434 147.55737 lineto
-82.52838 146.83296 lineto
-102.37106 135.37697 lineto
-102.92496 135.05722 -103.47313 134.62898 -103.47313 134.00368 curveto
-103.47336 120.73677 lineto
-103.47336 119.28864 lineto
-103.47336 106.49025 lineto
-103.47336 106.17393 -103.13736 105.97366 -102.86911 106.12839 curveto
-91.98715 112.41096 lineto
-91.59988 112.63458 -91.3829 113.06076 -91.3829 113.5096 curveto closepath
[0 1 -1 0 0 0] concat stroke grestore
newpath -27.05772 120.10185 moveto
-38.34435 126.61835 lineto
-38.7323 126.84242 -39.2102 126.84242 -39.59816 126.61835 curveto
-50.88478 120.10185 lineto
-51.27274 119.87778 -51.51169 119.46419 -51.51169 119.01627 curveto
-51.51169 105.98373 lineto
-51.51169 105.53581 -51.27274 105.12222 -50.88478 104.89815 curveto
-39.59816 98.38165 lineto
-39.2102 98.15758 -38.7323 98.15758 -38.34435 98.38165 curveto
-27.05772 104.89815 lineto
-26.66977 105.12222 -26.43082 105.53581 -26.43082 105.98373 curveto
-26.43082 119.01627 lineto
-26.43082 119.46419 -26.66977 119.87778 -27.05772 120.10185 curveto closepath
 fill
gsave newpath -27.05772 120.10185 moveto
-38.34435 126.61835 lineto
-38.7323 126.84242 -39.2102 126.84242 -39.59816 126.61835 curveto
-50.88478 120.10185 lineto
-51.27274 119.87778 -51.51169 119.46419 -51.51169 119.01627 curveto
-51.51169 105.98373 lineto
-51.51169 105.53581 -51.27274 105.12222 -50.88478 104.89815 curveto
-39.59816 98.38165 lineto
-39.2102 98.15758 -38.7323 98.15758 -38.34435 98.38165 curveto
-27.05772 104.89815 lineto
-26.66977 105.12222 -26.43082 105.53581 -26.43082 105.98373 curveto
-26.43082 119.01627 lineto
-26.43082 119.46419 -26.66977 119.87778 -27.05772 120.10185 curveto closepath
[0 1 -1 0 0 0] concat stroke grestore
 0.96 setgray
newpath -39.83482 142.47894 moveto
-51.32378 149.11148 lineto
-51.70876 149.33372 -52.18208 149.35295 -52.56592 149.1314 curveto
-63.44765 142.84882 lineto
-63.71544 142.69409 -63.70445 142.2995 -63.42499 142.13814 curveto
-52.1386 135.62187 lineto
-51.75041 135.3978 -51.51169 134.98375 -51.51169 134.5356 curveto
-51.51169 121.50307 lineto
-51.51169 121.18149 -51.16333 120.9803 -50.88478 121.1412 curveto
-39.59816 127.65793 lineto
-39.2102 127.882 -38.7323 127.882 -38.34435 127.65793 curveto
-27.05772 121.14143 lineto
-26.77826 120.98007 -26.43082 121.16821 -26.43082 121.47789 curveto
-26.43082 134.04213 lineto
-26.43082 134.4857 -26.68419 134.88625 -27.0694 135.10872 curveto
-38.55835 141.74149 lineto
 closepath fill
 0 setgray
gsave newpath -39.83482 142.47894 moveto
-51.32378 149.11148 lineto
-51.70876 149.33372 -52.18208 149.35295 -52.56592 149.1314 curveto
-63.44765 142.84882 lineto
-63.71544 142.69409 -63.70445 142.2995 -63.42499 142.13814 curveto
-52.1386 135.62187 lineto
-51.75041 135.3978 -51.51169 134.98375 -51.51169 134.5356 curveto
-51.51169 121.50307 lineto
-51.51169 121.18149 -51.16333 120.9803 -50.88478 121.1412 curveto
-39.59816 127.65793 lineto
-39.2102 127.882 -38.7323 127.882 -38.34435 127.65793 curveto
-27.05772 121.14143 lineto
-26.77826 120.98007 -26.43082 121.16821 -26.43082 121.47789 curveto
-26.43082 134.04213 lineto
-26.43082 134.4857 -26.68419 134.88625 -27.0694 135.10872 curveto
-38.55835 141.74149 lineto
 closepath
[0 1 -1 0 0 0] concat stroke grestore
 0.7 setgray
newpath -77.29248 120.14442 moveto
-65.6012 113.39424 lineto
-65.20592 113.16605 -64.71931 113.15323 -64.32472 113.3812 curveto
-53.03856 119.89815 lineto
-52.65724 120.11833 -52.41165 120.51865 -52.41165 120.95833 curveto
-52.41165 133.52257 lineto
-52.41165 133.83202 -52.75887 134.01993 -53.03856 133.85857 curveto
-64.32472 127.34207 lineto
-64.71931 127.1141 -65.20592 127.12692 -65.6012 127.35512 curveto
-77.29294 134.10553 lineto
-77.68822 134.33372 -78.17482 134.34654 -78.56941 134.11858 curveto
-89.85603 127.60185 lineto
-90.23735 127.38167 -90.48294 126.98135 -90.48294 126.54167 curveto
-90.48294 113.97743 lineto
-90.48294 113.66798 -90.13573 113.47984 -89.85603 113.6412 curveto
-78.56895 120.15747 lineto
-78.17436 120.38544 -77.68776 120.37262 -77.29248 120.14442 curveto closepath
 fill
 0 setgray
gsave newpath -77.29248 120.14442 moveto
-65.6012 113.39424 lineto
-65.20592 113.16605 -64.71931 113.15323 -64.32472 113.3812 curveto
-53.03856 119.89815 lineto
-52.65724 120.11833 -52.41165 120.51865 -52.41165 120.95833 curveto
-52.41165 133.52257 lineto
-52.41165 133.83202 -52.75887 134.01993 -53.03856 133.85857 curveto
-64.32472 127.34207 lineto
-64.71931 127.1141 -65.20592 127.12692 -65.6012 127.35512 curveto
-77.29294 134.10553 lineto
-77.68822 134.33372 -78.17482 134.34654 -78.56941 134.11858 curveto
-89.85603 127.60185 lineto
-90.23735 127.38167 -90.48294 126.98135 -90.48294 126.54167 curveto
-90.48294 113.97743 lineto
-90.48294 113.66798 -90.13573 113.47984 -89.85603 113.6412 curveto
-78.56895 120.15747 lineto
-78.17436 120.38544 -77.68776 120.37262 -77.29248 120.14442 curveto closepath
[0 1 -1 0 0 0] concat stroke grestore
 0.5 setgray
newpath -64.34761 128.3686 moveto
-53.46565 134.65118 lineto
-53.19809 134.80568 -53.22006 135.20691 -53.51097 135.37491 curveto
-65.20271 142.12509 lineto
-65.49065 142.29126 -65.47966 142.71492 -65.18005 142.88795 curveto
-53.08342 149.87274 lineto
-52.687 150.10162 -52.4112 150.50377 -52.4112 150.95901 curveto
-52.4112 163.52325 lineto
-52.4112 163.8327 -52.7584 164.02061 -53.0381 163.85925 curveto
-64.3261 157.34184 lineto
-65.57991 156.61812 lineto
-76.86562 150.10185 lineto
-77.25357 149.87778 -77.49252 149.46419 -77.49252 149.01627 curveto
-77.49252 135.98373 lineto
-77.49252 135.53581 -77.25357 135.12222 -76.86562 134.89815 curveto
-65.579 128.38165 lineto
-65.19768 128.16147 -64.72824 128.14888 -64.34761 128.3686 curveto closepath
 fill
 0 setgray
gsave newpath -64.34761 128.3686 moveto
-53.46565 134.65118 lineto
-53.19809 134.80568 -53.22006 135.20691 -53.51097 135.37491 curveto
-65.20271 142.12509 lineto
-65.49065 142.29126 -65.47966 142.71492 -65.18005 142.88795 curveto
-53.08342 149.87274 lineto
-52.687 150.10162 -52.4112 150.50377 -52.4112 150.95901 curveto
-52.4112 163.52325 lineto
-52.4112 163.8327 -52.7584 164.02061 -53.0381 163.85925 curveto
-64.3261 157.34184 lineto
-65.57991 156.61812 lineto
-76.86562 150.10185 lineto
-77.25357 149.87778 -77.49252 149.46419 -77.49252 149.01627 curveto
-77.49252 135.98373 lineto
-77.49252 135.53581 -77.25357 135.12222 -76.86562 134.89815 curveto
-65.579 128.38165 lineto
-65.19768 128.16147 -64.72824 128.14888 -64.34761 128.3686 curveto closepath
[0 1 -1 0 0 0] concat stroke grestore
 0.6 setgray
newpath -77.49275 104.26323 moveto
-77.49252 90.99655 lineto
-77.49252 90.55206 -77.27211 90.13252 -76.88828 89.91096 curveto
-66.00632 83.62816 lineto
-65.73853 83.47343 -65.40207 83.68057 -65.40207 84.00375 curveto
-65.40207 97.03629 lineto
-65.40207 97.49176 -65.14778 97.90672 -64.7525 98.13492 curveto
-53.06053 104.8851 lineto
-52.67166 105.10963 -52.41096 105.51086 -52.41096 105.95833 curveto
-52.41142 118.52257 lineto
-52.41142 118.83179 -52.75887 119.0197 -53.03833 118.85834 curveto
-64.32541 112.3423 lineto
-64.71336 112.11823 -65.19127 112.11823 -65.57922 112.3423 curveto
-76.86562 118.85857 lineto
-77.14462 119.0197 -77.49252 118.82492 -77.49252 118.50906 curveto
-77.49275 105.71068 lineto
 closepath fill
 0 setgray
gsave newpath -77.49275 104.26323 moveto
-77.49252 90.99655 lineto
-77.49252 90.55206 -77.27211 90.13252 -76.88828 89.91096 curveto
-66.00632 83.62816 lineto
-65.73853 83.47343 -65.40207 83.68057 -65.40207 84.00375 curveto
-65.40207 97.03629 lineto
-65.40207 97.49176 -65.14778 97.90672 -64.7525 98.13492 curveto
-53.06053 104.8851 lineto
-52.67166 105.10963 -52.41096 105.51086 -52.41096 105.95833 curveto
-52.41142 118.52257 lineto
-52.41142 118.83179 -52.75887 119.0197 -53.03833 118.85834 curveto
-64.32541 112.3423 lineto
-64.71336 112.11823 -65.19127 112.11823 -65.57922 112.3423 curveto
-76.86562 118.85857 lineto
-77.14462 119.0197 -77.49252 118.82492 -77.49252 118.50906 curveto
-77.49275 105.71068 lineto
 closepath
[0 1 -1 0 0 0] concat stroke grestore
 0.2 setgray
newpath -14.07898 142.60872 moveto
-25.56793 149.24149 lineto
-26.8554 149.98512 lineto
-38.54668 156.7353 lineto
-39.81216 157.4659 lineto
-50.89577 163.86475 lineto
-51.16997 164.02313 -51.51169 163.83202 -51.51169 163.52211 curveto
-51.51169 150.95787 lineto
-51.51169 150.5143 -51.25832 150.11375 -50.87311 149.89128 curveto
-39.38416 143.25851 lineto
-38.0967 142.51488 lineto
-26.40541 135.7647 lineto
-25.13992 135.0341 lineto
-14.05632 128.63525 lineto
-13.78212 128.47687 -13.4404 128.66798 -13.4404 128.97789 curveto
-13.4404 141.54213 lineto
-13.4404 141.9857 -13.69377 142.38625 -14.07898 142.60872 curveto closepath
 fill
 0 setgray
gsave newpath -14.07898 142.60872 moveto
-25.56793 149.24149 lineto
-26.8554 149.98512 lineto
-38.54668 156.7353 lineto
-39.81216 157.4659 lineto
-50.89577 163.86475 lineto
-51.16997 164.02313 -51.51169 163.83202 -51.51169 163.52211 curveto
-51.51169 150.95787 lineto
-51.51169 150.5143 -51.25832 150.11375 -50.87311 149.89128 curveto
-39.38416 143.25851 lineto
-38.0967 142.51488 lineto
-26.40541 135.7647 lineto
-25.13992 135.0341 lineto
-14.05632 128.63525 lineto
-13.78212 128.47687 -13.4404 128.66798 -13.4404 128.97789 curveto
-13.4404 141.54213 lineto
-13.4404 141.9857 -13.69377 142.38625 -14.07898 142.60872 curveto closepath
[0 1 -1 0 0 0] concat stroke grestore
 0.85 setgray
newpath -40.49858 67.86163 moveto
-51.78474 74.3779 lineto
-52.18254 74.6077 -52.41165 75.04189 -52.41165 75.50262 curveto
-52.41165 89.23691 lineto
-52.41165 90.71114 lineto
-52.41165 103.5093 lineto
-52.41165 103.8256 -52.74765 104.02588 -53.0159 103.87115 curveto
-63.89786 97.58858 lineto
-64.2817 97.36702 -64.5021 96.94748 -64.5021 96.50299 curveto
-64.5021 83.23654 lineto
-64.5021 81.763 lineto
-64.5021 68.49678 lineto
-64.5021 68.04474 -64.26636 67.62405 -63.8752 67.39815 curveto
-52.58858 60.88165 lineto
-52.20726 60.66147 -51.73805 60.64888 -51.35742 60.8686 curveto
-40.47592 67.15096 lineto
-40.20813 67.30568 -40.21912 67.70027 -40.49858 67.86163 curveto closepath fill
 0 setgray
gsave newpath -40.49858 67.86163 moveto
-51.78474 74.3779 lineto
-52.18254 74.6077 -52.41165 75.04189 -52.41165 75.50262 curveto
-52.41165 89.23691 lineto
-52.41165 90.71114 lineto
-52.41165 103.5093 lineto
-52.41165 103.8256 -52.74765 104.02588 -53.0159 103.87115 curveto
-63.89786 97.58858 lineto
-64.2817 97.36702 -64.5021 96.94748 -64.5021 96.50299 curveto
-64.5021 83.23654 lineto
-64.5021 81.763 lineto
-64.5021 68.49678 lineto
-64.5021 68.04474 -64.26636 67.62405 -63.8752 67.39815 curveto
-52.58858 60.88165 lineto
-52.20726 60.66147 -51.73805 60.64888 -51.35742 60.8686 curveto
-40.47592 67.15096 lineto
-40.20813 67.30568 -40.21912 67.70027 -40.49858 67.86163 curveto closepath
[0 1 -1 0 0 0] concat stroke grestore
 0.8 setgray
newpath -50.41191 74.62509 moveto
-38.72063 67.87491 lineto
-38.432 67.70828 -38.432 67.29172 -38.72063 67.12509 curveto
-50.41168 60.37468 lineto
-50.7019 60.20714 -50.71815 59.80156 -50.44533 59.64409 curveto
-39.36195 53.24501 lineto
-38.13011 52.53365 lineto
-27.04651 46.1348 lineto
-26.75468 45.96634 -26.43059 45.8828 -26.43059 46.11488 curveto
-26.43059 52.16423 lineto
-26.43059 53.61237 lineto
-26.43082 73.62854 lineto
-26.43082 74.20807 -26.5654 74.81781 -27.05772 75.10208 curveto
-38.34435 81.61835 lineto
-38.72566 81.83853 -39.19487 81.85112 -39.5755 81.6314 curveto
-50.45723 75.34882 lineto
-50.7248 75.19432 -50.70282 74.79309 -50.41191 74.62509 curveto closepath fill
 0 setgray
gsave newpath -50.41191 74.62509 moveto
-38.72063 67.87491 lineto
-38.432 67.70828 -38.432 67.29172 -38.72063 67.12509 curveto
-50.41168 60.37468 lineto
-50.7019 60.20714 -50.71815 59.80156 -50.44533 59.64409 curveto
-39.36195 53.24501 lineto
-38.13011 52.53365 lineto
-27.04651 46.1348 lineto
-26.75468 45.96634 -26.43059 45.8828 -26.43059 46.11488 curveto
-26.43059 52.16423 lineto
-26.43059 53.61237 lineto
-26.43082 73.62854 lineto
-26.43082 74.20807 -26.5654 74.81781 -27.05772 75.10208 curveto
-38.34435 81.61835 lineto
-38.72566 81.83853 -39.19487 81.85112 -39.5755 81.6314 curveto
-50.45723 75.34882 lineto
-50.7248 75.19432 -50.70282 74.79309 -50.41191 74.62509 curveto closepath
[0 1 -1 0 0 0] concat stroke grestore
 0.4 setgray
newpath -63.31375 53.96599 moveto
-53.4114 59.683 lineto
-53.16742 59.82399 -53.20541 60.19913 -53.48831 60.36255 curveto
-64.77493 66.87859 lineto
-65.16953 67.10632 -65.40184 67.53387 -65.40184 67.99026 curveto
-65.4023 81.49086 lineto
-65.4023 81.9397 -65.6195 82.36588 -66.00677 82.5895 curveto
-76.88873 88.87276 lineto
-77.15698 89.02748 -77.49298 88.82698 -77.49298 88.51021 curveto
-77.49298 75.71068 lineto
-77.49298 74.25018 lineto
-77.49252 60.74982 lineto
-77.49252 59.28864 lineto
-77.49252 46.49025 lineto
-77.49252 46.17554 -77.11739 45.9961 -76.81114 46.17302 curveto
-64.5449 53.25462 lineto
 closepath fill
 0 setgray
gsave newpath -63.31375 53.96599 moveto
-53.4114 59.683 lineto
-53.16742 59.82399 -53.20541 60.19913 -53.48831 60.36255 curveto
-64.77493 66.87859 lineto
-65.16953 67.10632 -65.40184 67.53387 -65.40184 67.99026 curveto
-65.4023 81.49086 lineto
-65.4023 81.9397 -65.6195 82.36588 -66.00677 82.5895 curveto
-76.88873 88.87276 lineto
-77.15698 89.02748 -77.49298 88.82698 -77.49298 88.51021 curveto
-77.49298 75.71068 lineto
-77.49298 74.25018 lineto
-77.49252 60.74982 lineto
-77.49252 59.28864 lineto
-77.49252 46.49025 lineto
-77.49252 46.17554 -77.11739 45.9961 -76.81114 46.17302 curveto
-64.5449 53.25462 lineto
 closepath
[0 1 -1 0 0 0] concat stroke grestore
gsave newpath -39.83482 52.47894 moveto
-51.32378 59.11148 lineto
-51.71883 59.33945 -52.2052 59.33945 -52.60025 59.11148 curveto
-64.0892 52.47894 lineto
-65.41031 51.7154 lineto
-77.70927 44.61456 lineto
-78.013 44.43924 -78.39249 44.65874 -78.39249 45.00938 curveto
-78.39249 59.21104 lineto
-78.39249 60.74982 lineto
-78.39249 74.25018 lineto
-78.39249 75.74982 lineto
-78.39249 89.25018 lineto
-78.39249 90.74982 lineto
-78.39249 104.25018 lineto
-78.39249 105.71136 lineto
-78.39249 118.50975 lineto
-78.39249 118.8256 -78.73466 119.02267 -79.0084 118.86475 curveto
-90.09201 112.4659 lineto
-91.39114 111.7154 lineto
-103.69011 104.61456 lineto
-103.99384 104.43924 -104.37332 104.65874 -104.37332 105.00938 curveto
-104.37332 119.21104 lineto
-104.37332 120.76286 lineto
-104.37332 134.49715 lineto
-104.37332 134.96933 -104.12178 135.4058 -103.71277 135.64178 curveto
-91.81847 142.50824 lineto
-90.50835 143.2647 lineto
-78.81706 150.01488 lineto
-77.51793 150.7647 lineto
-65.82664 157.51488 lineto
-64.51653 158.27156 lineto
-52.62222 165.13802 lineto
-52.21344 165.374 -51.7099 165.374 -51.30112 165.13802 curveto
-39.40681 158.27156 lineto
-38.0967 157.51488 lineto
-26.40541 150.7647 lineto
-25.10628 150.01488 lineto
-13.415 143.2647 lineto
-12.10487 142.50801 lineto
-0.21057 135.64156 lineto
0.19821 135.40558 0.44998 134.96933 0.44998 134.49715 curveto
0.44998 120.76286 lineto
0.44998 119.21104 lineto
0.44998 105.00938 lineto
0.44998 104.65897 0.0705 104.43993 -0.23323 104.61525 curveto
-12.5322 111.71608 lineto
-13.83133 112.4659 lineto
-24.91493 118.86475 lineto
-25.18867 119.0229 -25.53085 118.82515 -25.53085 118.50906 curveto
-25.53085 105.71068 lineto
-25.53085 104.25018 lineto
-25.53085 90.74982 lineto
-25.53085 89.25018 lineto
-25.53085 75.74982 lineto
-25.53085 74.25018 lineto
-25.53085 60.74982 lineto
-25.53085 59.21104 lineto
-25.53085 45.00938 lineto
-25.53085 44.65897 -25.91034 44.43993 -26.21407 44.61525 curveto
-38.51303 51.71608 lineto
 closepath
[0 1 -1 0 0 0] concat stroke grestore
showpage
%%EOF
