%!PS
%%BoundingBox: 64 -61 196 61 
%%HiResBoundingBox: 64.25182 -60.56865 195.55655 60.56927 
%%Creator: MetaPost 0.901
%%CreationDate: 2008.09.19:1138
%%Pages: 1
%%BeginProlog
%%EndProlog
%%Page: 1 1
 0.9 setgray
newpath 143.14525 22.12526 moveto
131.45396 15.37526 lineto
131.16302 15.20732 131.14127 14.80574 131.40926 14.65102 curveto
142.29024 8.3689 lineto
142.6744 8.14711 143.14816 8.16614 143.53342 8.3885 curveto
155.02246 15.02165 lineto
156.27695 15.74568 lineto
167.36003 22.14488 lineto
167.63387 22.30287 167.6337 22.69809 167.35995 22.85612 curveto
156.276 29.25543 lineto
155.02248 29.97916 lineto
143.53264 36.61253 lineto
143.1477 36.83478 142.67416 36.85365 142.29037 36.63202 curveto
131.40851 30.34924 lineto
131.14093 30.19476 131.16287 29.79332 131.45366 29.62544 curveto
143.14536 22.87526 lineto
143.43396 22.70863 143.43407 22.29178 143.14525 22.12526 curveto closepath fill
 0 setgray 0 0.5 dtransform truncate idtransform setlinewidth pop [] 0 setdash
 1 setlinejoin 10 setmiterlimit
gsave newpath 143.14525 22.12526 moveto
131.45396 15.37526 lineto
131.16302 15.20732 131.14127 14.80574 131.40926 14.65102 curveto
142.29024 8.3689 lineto
142.6744 8.14711 143.14816 8.16614 143.53342 8.3885 curveto
155.02246 15.02165 lineto
156.27695 15.74568 lineto
167.36003 22.14488 lineto
167.63387 22.30287 167.6337 22.69809 167.35995 22.85612 curveto
156.276 29.25543 lineto
155.02248 29.97916 lineto
143.53264 36.61253 lineto
143.1477 36.83478 142.67416 36.85365 142.29037 36.63202 curveto
131.40851 30.34924 lineto
131.14093 30.19476 131.16287 29.79332 131.45366 29.62544 curveto
143.14536 22.87526 lineto
143.43396 22.70863 143.43407 22.29178 143.14525 22.12526 curveto closepath
[0.86603 -0.5 0.5 0.86603 0 0] concat stroke grestore
 0.99 setgray
newpath 169.26634 -36.75446 moveto
180.34975 -30.35516 lineto
180.62326 -30.19725 180.61765 -29.79863 180.33856 -29.6375 curveto
169.05203 -23.12123 lineto
168.66411 -22.89728 168.42542 -22.48354 168.42534 -22.03554 curveto
168.42506 -9.00294 lineto
168.42514 -8.68056 168.08267 -8.47676 167.80914 -8.63467 curveto
156.72588 -15.03375 lineto
155.4939 -15.74487 lineto
144.4105 -22.14417 lineto
144.1371 -22.30188 144.1426 -22.70068 144.42188 -22.86192 curveto
155.7084 -29.37819 lineto
156.09633 -29.60216 156.33502 -30.01588 156.33511 -30.46391 curveto
156.33517 -43.49638 lineto
156.3351 -43.81877 156.67758 -44.02257 156.9511 -43.86465 curveto
168.03436 -37.46558 lineto
 closepath fill
 0 setgray
gsave newpath 169.26634 -36.75446 moveto
180.34975 -30.35516 lineto
180.62326 -30.19725 180.61765 -29.79863 180.33856 -29.6375 curveto
169.05203 -23.12123 lineto
168.66411 -22.89728 168.42542 -22.48354 168.42534 -22.03554 curveto
168.42506 -9.00294 lineto
168.42514 -8.68056 168.08267 -8.47676 167.80914 -8.63467 curveto
156.72588 -15.03375 lineto
155.4939 -15.74487 lineto
144.4105 -22.14417 lineto
144.1371 -22.30188 144.1426 -22.70068 144.42188 -22.86192 curveto
155.7084 -29.37819 lineto
156.09633 -29.60216 156.33502 -30.01588 156.33511 -30.46391 curveto
156.33517 -43.49638 lineto
156.3351 -43.81877 156.67758 -44.02257 156.9511 -43.86465 curveto
168.03436 -37.46558 lineto
 closepath
[0.86603 -0.5 0.5 0.86603 0 0] concat stroke grestore
 0.93 setgray
newpath 129.2549 29.10565 moveto
117.5631 22.35567 lineto
117.16115 22.12364 116.66606 22.12354 116.26428 22.3555 curveto
104.57239 29.1058 lineto
104.18369 29.33022 103.7061 29.3554 103.31882 29.13182 curveto
92.43675 22.84915 lineto
92.16862 22.6942 92.17427 22.30296 92.44861 22.14458 curveto
103.53256 15.74527 lineto
104.78609 15.02155 lineto
116.2752 8.38832 lineto
116.67026 8.16023 117.15694 8.16046 117.55188 8.3886 curveto
129.04073 15.02185 lineto
130.29509 15.74568 lineto
141.3785 22.14497 lineto
141.65276 22.30324 141.6581 22.69473 141.38971 22.84969 curveto
130.50873 29.1318 lineto
130.12141 29.35542 129.64378 29.33015 129.2549 29.10565 curveto closepath fill
 0 setgray
gsave newpath 129.2549 29.10565 moveto
117.5631 22.35567 lineto
117.16115 22.12364 116.66606 22.12354 116.26428 22.3555 curveto
104.57239 29.1058 lineto
104.18369 29.33022 103.7061 29.3554 103.31882 29.13182 curveto
92.43675 22.84915 lineto
92.16862 22.6942 92.17427 22.30296 92.44861 22.14458 curveto
103.53256 15.74527 lineto
104.78609 15.02155 lineto
116.2752 8.38832 lineto
116.67026 8.16023 117.15694 8.16046 117.55188 8.3886 curveto
129.04073 15.02185 lineto
130.29509 15.74568 lineto
141.3785 22.14497 lineto
141.65276 22.30324 141.6581 22.69473 141.38971 22.84969 curveto
130.50873 29.1318 lineto
130.12141 29.35542 129.64378 29.33015 129.2549 29.10565 curveto closepath
[0.86603 -0.5 0.5 0.86603 0 0] concat stroke grestore
newpath 130.53084 -14.11807 moveto
141.81761 -7.60178 lineto
142.20564 -7.37784 142.4446 -6.96396 142.44452 -6.51595 curveto
142.44437 6.51683 lineto
142.44427 6.96486 142.20557 7.37859 141.81766 7.60255 curveto
130.53113 14.11882 lineto
130.14322 14.34277 129.66556 14.34264 129.27753 14.11868 curveto
117.99075 7.6024 lineto
117.6027 7.37846 117.36375 6.96458 117.36385 6.51657 curveto
117.364 -6.51622 lineto
117.36407 -6.96422 117.60278 -7.37796 117.99069 -7.60191 curveto
129.27722 -14.11818 lineto
129.66513 -14.34215 130.14279 -14.342 130.53084 -14.11807 curveto closepath
 fill
gsave newpath 130.53084 -14.11807 moveto
141.81761 -7.60178 lineto
142.20564 -7.37784 142.4446 -6.96396 142.44452 -6.51595 curveto
142.44437 6.51683 lineto
142.44427 6.96486 142.20557 7.37859 141.81766 7.60255 curveto
130.53113 14.11882 lineto
130.14322 14.34277 129.66556 14.34264 129.27753 14.11868 curveto
117.99075 7.6024 lineto
117.6027 7.37846 117.36375 6.96458 117.36385 6.51657 curveto
117.364 -6.51622 lineto
117.36407 -6.96422 117.60278 -7.37796 117.99069 -7.60191 curveto
129.27722 -14.11818 lineto
129.66513 -14.34215 130.14279 -14.342 130.53084 -14.11807 curveto closepath
[0.86603 -0.5 0.5 0.86603 0 0] concat stroke grestore
 0.96 setgray
newpath 103.4732 -29.01715 moveto
103.47292 -15.98325 lineto
103.47289 -15.54291 103.249 -15.13008 102.86821 -14.91023 curveto
91.98723 -8.62811 lineto
91.71924 -8.47339 91.3829 -8.68013 91.3828 -9.00304 curveto
91.38295 -22.03581 lineto
91.38303 -22.48383 91.14407 -22.8977 90.75604 -23.12164 curveto
79.46915 -29.63812 lineto
79.19054 -29.7989 79.1908 -30.20131 79.46968 -30.36232 curveto
90.75632 -36.87839 lineto
91.14424 -37.10236 91.38293 -37.51608 91.38303 -37.9641 curveto
91.38309 -50.99657 lineto
91.3831 -51.31926 91.71935 -51.52608 91.98723 -51.37152 curveto
102.86897 -45.08894 lineto
103.25627 -44.86536 103.47331 -44.43909 103.47328 -43.99005 curveto
103.47302 -30.491 lineto
 closepath fill
 0 setgray
gsave newpath 103.4732 -29.01715 moveto
103.47292 -15.98325 lineto
103.47289 -15.54291 103.249 -15.13008 102.86821 -14.91023 curveto
91.98723 -8.62811 lineto
91.71924 -8.47339 91.3829 -8.68013 91.3828 -9.00304 curveto
91.38295 -22.03581 lineto
91.38303 -22.48383 91.14407 -22.8977 90.75604 -23.12164 curveto
79.46915 -29.63812 lineto
79.19054 -29.7989 79.1908 -30.20131 79.46968 -30.36232 curveto
90.75632 -36.87839 lineto
91.14424 -37.10236 91.38293 -37.51608 91.38303 -37.9641 curveto
91.38309 -50.99657 lineto
91.3831 -51.31926 91.71935 -51.52608 91.98723 -51.37152 curveto
102.86897 -45.08894 lineto
103.25627 -44.86536 103.47331 -44.43909 103.47328 -43.99005 curveto
103.47302 -30.491 lineto
 closepath
[0.86603 -0.5 0.5 0.86603 0 0] concat stroke grestore
 0.7 setgray
newpath 91.55959 23.382 moveto
102.84636 29.89828 lineto
103.24107 30.12604 103.47328 30.55385 103.47328 31.01027 curveto
103.47308 44.51033 lineto
103.47311 44.96677 103.7053 45.39458 104.10004 45.62233 curveto
115.38681 52.1386 lineto
115.66628 52.29994 115.67706 52.69492 115.40887 52.84975 curveto
104.5279 59.13187 lineto
104.14731 59.3516 103.67804 59.33894 103.29669 59.1188 curveto
92.00992 52.60254 lineto
91.6152 52.37479 91.383 51.94698 91.38298 51.49054 curveto
91.38318 37.99048 lineto
91.38316 37.53406 91.15097 37.10625 90.75624 36.8785 curveto
79.46947 30.36221 lineto
79.18999 30.20087 79.1792 29.80591 79.44739 29.65106 curveto
90.32837 23.36894 lineto
90.70895 23.14922 91.17824 23.16187 91.55959 23.382 curveto closepath fill
 0 setgray
gsave newpath 91.55959 23.382 moveto
102.84636 29.89828 lineto
103.24107 30.12604 103.47328 30.55385 103.47328 31.01027 curveto
103.47308 44.51033 lineto
103.47311 44.96677 103.7053 45.39458 104.10004 45.62233 curveto
115.38681 52.1386 lineto
115.66628 52.29994 115.67706 52.69492 115.40887 52.84975 curveto
104.5279 59.13187 lineto
104.14731 59.3516 103.67804 59.33894 103.29669 59.1188 curveto
92.00992 52.60254 lineto
91.6152 52.37479 91.383 51.94698 91.38298 51.49054 curveto
91.38318 37.99048 lineto
91.38316 37.53406 91.15097 37.10625 90.75624 36.8785 curveto
79.46947 30.36221 lineto
79.18999 30.20087 79.1792 29.80591 79.44739 29.65106 curveto
90.32837 23.36894 lineto
90.70895 23.14922 91.17824 23.16187 91.55959 23.382 curveto closepath
[0.86603 -0.5 0.5 0.86603 0 0] concat stroke grestore
 0.7 setgray
newpath 156.33487 44.51038 moveto
156.33508 31.0103 lineto
156.33507 30.5539 156.56729 30.12617 156.96175 29.89844 curveto
168.24808 23.3823 lineto
168.62946 23.16211 169.09846 23.14955 169.47905 23.36932 curveto
180.36111 29.652 lineto
180.62881 29.80666 180.61804 30.20139 180.33836 30.36285 curveto
169.05183 36.87912 lineto
168.65738 37.10686 168.42516 37.53456 168.42517 37.99098 curveto
168.42496 51.49104 lineto
168.42499 51.94748 168.19275 52.37517 167.7983 52.6029 curveto
156.51196 59.11906 lineto
156.13058 59.33925 155.6616 59.35182 155.28099 59.13203 curveto
144.39893 52.84937 lineto
144.13123 52.69469 144.142 52.29997 144.42168 52.13849 curveto
155.7082 45.62222 lineto
156.10266 45.39449 156.3349 44.9668 156.33487 44.51038 curveto closepath fill
 0 setgray
gsave newpath 156.33487 44.51038 moveto
156.33508 31.0103 lineto
156.33507 30.5539 156.56729 30.12617 156.96175 29.89844 curveto
168.24808 23.3823 lineto
168.62946 23.16211 169.09846 23.14955 169.47905 23.36932 curveto
180.36111 29.652 lineto
180.62881 29.80666 180.61804 30.20139 180.33836 30.36285 curveto
169.05183 36.87912 lineto
168.65738 37.10686 168.42516 37.53456 168.42517 37.99098 curveto
168.42496 51.49104 lineto
168.42499 51.94748 168.19275 52.37517 167.7983 52.6029 curveto
156.51196 59.11906 lineto
156.13058 59.33925 155.6616 59.35182 155.28099 59.13203 curveto
144.39893 52.84937 lineto
144.13123 52.69469 144.142 52.29997 144.42168 52.13849 curveto
155.7082 45.62222 lineto
156.10266 45.39449 156.3349 44.9668 156.33487 44.51038 curveto closepath
[0.86603 -0.5 0.5 0.86603 0 0] concat stroke grestore
 0.5 setgray
newpath 168.42531 -51.54222 moveto
168.4253 -38.97704 lineto
168.42528 -38.66809 168.06682 -38.4865 167.77588 -38.65443 curveto
156.08438 -45.40431 lineto
155.79651 -45.57059 155.4351 -45.34926 155.43504 -45.00327 curveto
155.43452 -31.03546 lineto
155.43451 -30.57771 155.22414 -30.1378 154.82988 -29.91017 curveto
143.9489 -23.62805 lineto
143.68091 -23.47333 143.34457 -23.68007 143.34447 -24.00296 curveto
143.34456 -37.03677 lineto
143.34442 -38.48447 lineto
143.34483 -51.51634 lineto
143.34491 -51.96436 143.58362 -52.3781 143.97153 -52.60205 curveto
155.25806 -59.11832 lineto
155.64597 -59.34229 156.12363 -59.34213 156.51167 -59.1182 curveto
167.79845 -52.6019 lineto
168.1798 -52.38176 168.4253 -51.98172 168.42531 -51.54222 curveto closepath
 fill
 0 setgray
gsave newpath 168.42531 -51.54222 moveto
168.4253 -38.97704 lineto
168.42528 -38.66809 168.06682 -38.4865 167.77588 -38.65443 curveto
156.08438 -45.40431 lineto
155.79651 -45.57059 155.4351 -45.34926 155.43504 -45.00327 curveto
155.43452 -31.03546 lineto
155.43451 -30.57771 155.22414 -30.1378 154.82988 -29.91017 curveto
143.9489 -23.62805 lineto
143.68091 -23.47333 143.34457 -23.68007 143.34447 -24.00296 curveto
143.34456 -37.03677 lineto
143.34442 -38.48447 lineto
143.34483 -51.51634 lineto
143.34491 -51.96436 143.58362 -52.3781 143.97153 -52.60205 curveto
155.25806 -59.11832 lineto
155.64597 -59.34229 156.12363 -59.34213 156.51167 -59.1182 curveto
167.79845 -52.6019 lineto
168.1798 -52.38176 168.4253 -51.98172 168.42531 -51.54222 curveto closepath
[0.86603 -0.5 0.5 0.86603 0 0] concat stroke grestore
 0.5 setgray
newpath 117.55208 23.38853 moveto
129.04073 30.02191 lineto
130.29498 30.74554 lineto
141.37807 37.14474 lineto
141.65233 37.30301 141.65767 37.69452 141.38928 37.84947 curveto
130.50842 44.13179 lineto
130.11436 44.3593 129.62859 44.32127 129.23215 44.0924 curveto
117.13553 37.10864 lineto
116.83588 36.93568 116.46349 37.13802 116.46355 37.47044 curveto
116.46344 50.97072 lineto
116.46341 51.30666 116.12692 51.52629 115.85934 51.37183 curveto
104.9777 45.08943 lineto
104.5971 44.86966 104.3734 44.45702 104.37343 44.0167 curveto
104.37358 30.98392 lineto
104.37366 30.5359 104.61237 30.12216 105.00027 29.89821 curveto
116.2867 23.38174 lineto
116.67798 23.15584 117.16043 23.16246 117.55208 23.38853 curveto closepath fill
 0 setgray
gsave newpath 117.55208 23.38853 moveto
129.04073 30.02191 lineto
130.29498 30.74554 lineto
141.37807 37.14474 lineto
141.65233 37.30301 141.65767 37.69452 141.38928 37.84947 curveto
130.50842 44.13179 lineto
130.11436 44.3593 129.62859 44.32127 129.23215 44.0924 curveto
117.13553 37.10864 lineto
116.83588 36.93568 116.46349 37.13802 116.46355 37.47044 curveto
116.46344 50.97072 lineto
116.46341 51.30666 116.12692 51.52629 115.85934 51.37183 curveto
104.9777 45.08943 lineto
104.5971 44.86966 104.3734 44.45702 104.37343 44.0167 curveto
104.37358 30.98392 lineto
104.37366 30.5359 104.61237 30.12216 105.00027 29.89821 curveto
116.2867 23.38174 lineto
116.67798 23.15584 117.16043 23.16246 117.55208 23.38853 curveto closepath
[0.86603 -0.5 0.5 0.86603 0 0] concat stroke grestore
 0.6 setgray
newpath 78.39261 -15.46404 moveto
78.39267 -28.4965 lineto
78.39268 -28.8192 78.72893 -29.02602 78.99681 -28.87146 curveto
89.87856 -22.58887 lineto
90.26585 -22.3653 90.4829 -21.93903 90.48286 -21.48999 curveto
90.48267 -7.98991 lineto
90.4827 -7.5335 90.71489 -7.10567 91.10962 -6.87793 curveto
102.3964 -0.36165 lineto
102.67586 -0.2003 102.68665 0.19466 102.41846 0.34949 curveto
91.53748 6.6316 lineto
91.15332 6.8534 90.67976 6.83424 90.2945 6.61188 curveto
78.80585 -0.02148 lineto
77.55159 -0.74512 lineto
66.4682 -7.1444 lineto
66.19467 -7.3023 66.20029 -7.70093 66.47937 -7.86206 curveto
77.7659 -14.37833 lineto
78.15382 -14.6023 78.39252 -15.01602 78.39261 -15.46404 curveto closepath fill
 0 setgray
gsave newpath 78.39261 -15.46404 moveto
78.39267 -28.4965 lineto
78.39268 -28.8192 78.72893 -29.02602 78.99681 -28.87146 curveto
89.87856 -22.58887 lineto
90.26585 -22.3653 90.4829 -21.93903 90.48286 -21.48999 curveto
90.48267 -7.98991 lineto
90.4827 -7.5335 90.71489 -7.10567 91.10962 -6.87793 curveto
102.3964 -0.36165 lineto
102.67586 -0.2003 102.68665 0.19466 102.41846 0.34949 curveto
91.53748 6.6316 lineto
91.15332 6.8534 90.67976 6.83424 90.2945 6.61188 curveto
78.80585 -0.02148 lineto
77.55159 -0.74512 lineto
66.4682 -7.1444 lineto
66.19467 -7.3023 66.20029 -7.70093 66.47937 -7.86206 curveto
77.7659 -14.37833 lineto
78.15382 -14.6023 78.39252 -15.01602 78.39261 -15.46404 curveto closepath
[0.86603 -0.5 0.5 0.86603 0 0] concat stroke grestore
 0.6 setgray
newpath 181.00291 -0.02068 moveto
169.51347 6.61247 lineto
169.12854 6.83472 168.655 6.85359 168.27121 6.63196 curveto
157.38914 0.34929 lineto
157.12125 0.19473 157.13242 -0.20021 157.4123 -0.3618 curveto
168.69882 -6.87807 lineto
169.09328 -7.1058 169.32552 -7.53351 169.32549 -7.98993 curveto
169.32536 -21.49059 lineto
169.32536 -21.93964 169.54251 -22.36601 169.93002 -22.58975 curveto
180.81123 -28.87148 lineto
181.07903 -29.02608 181.41548 -28.81915 181.41547 -28.49643 curveto
181.41594 -15.4635 lineto
181.41586 -15.01547 181.65482 -14.6016 182.04285 -14.37766 curveto
193.32932 -7.86147 lineto
193.60835 -7.70041 193.61362 -7.30171 193.34007 -7.14378 curveto
182.25644 -0.7444 lineto
 closepath fill
 0 setgray
gsave newpath 181.00291 -0.02068 moveto
169.51347 6.61247 lineto
169.12854 6.83472 168.655 6.85359 168.27121 6.63196 curveto
157.38914 0.34929 lineto
157.12125 0.19473 157.13242 -0.20021 157.4123 -0.3618 curveto
168.69882 -6.87807 lineto
169.09328 -7.1058 169.32552 -7.53351 169.32549 -7.98993 curveto
169.32536 -21.49059 lineto
169.32536 -21.93964 169.54251 -22.36601 169.93002 -22.58975 curveto
180.81123 -28.87148 lineto
181.07903 -29.02608 181.41548 -28.81915 181.41547 -28.49643 curveto
181.41594 -15.4635 lineto
181.41586 -15.01547 181.65482 -14.6016 182.04285 -14.37766 curveto
193.32932 -7.86147 lineto
193.60835 -7.70041 193.61362 -7.30171 193.34007 -7.14378 curveto
182.25644 -0.7444 lineto
 closepath
[0.86603 -0.5 0.5 0.86603 0 0] concat stroke grestore
 0.2 setgray
newpath 142.44453 -51.48999 moveto
142.4443 -37.99226 lineto
142.4445 -36.49228 lineto
142.44424 -22.99323 lineto
142.44472 -21.54494 lineto
142.44391 -8.97746 lineto
142.44388 -8.66718 142.10852 -8.47302 141.8401 -8.62805 curveto
130.95834 -14.91064 lineto
130.57104 -15.13423 130.35402 -15.5605 130.35403 -16.00952 curveto
130.3542 -29.51196 lineto
130.354 -31.01195 lineto
130.35437 -44.5108 lineto
130.35423 -45.9585 lineto
130.35432 -58.52264 lineto
130.35426 -58.83264 130.69005 -59.0265 130.95848 -58.87146 curveto
141.84023 -52.58887 lineto
142.22752 -52.3653 142.44456 -51.93903 142.44453 -51.48999 curveto closepath
 fill
 0 setgray
gsave newpath 142.44453 -51.48999 moveto
142.4443 -37.99226 lineto
142.4445 -36.49228 lineto
142.44424 -22.99323 lineto
142.44472 -21.54494 lineto
142.44391 -8.97746 lineto
142.44388 -8.66718 142.10852 -8.47302 141.8401 -8.62805 curveto
130.95834 -14.91064 lineto
130.57104 -15.13423 130.35402 -15.5605 130.35403 -16.00952 curveto
130.3542 -29.51196 lineto
130.354 -31.01195 lineto
130.35437 -44.5108 lineto
130.35423 -45.9585 lineto
130.35432 -58.52264 lineto
130.35426 -58.83264 130.69005 -59.0265 130.95848 -58.87146 curveto
141.84023 -52.58887 lineto
142.22752 -52.3653 142.44456 -51.93903 142.44453 -51.48999 curveto closepath
[0.86603 -0.5 0.5 0.86603 0 0] concat stroke grestore
 0.2 setgray
newpath 129.45421 -43.71518 moveto
129.45392 -25.27415 lineto
129.45409 -23.8003 lineto
129.45377 -15.70938 lineto
129.45367 -15.35387 129.16339 -15.0922 128.84921 -14.9108 curveto
117.96823 -8.62868 lineto
117.70004 -8.47385 117.36388 -8.67433 117.36394 -8.991 curveto
117.36375 -21.78862 lineto
117.36372 -23.24986 lineto
117.36392 -36.74992 lineto
117.36386 -38.2373 lineto
117.36356 -51.50345 lineto
117.3634 -51.94817 117.58453 -52.36763 117.96869 -52.58942 curveto
128.84967 -58.87154 lineto
129.11766 -59.02626 129.45412 -58.8193 129.45412 -58.49661 curveto
129.4542 -45.46344 lineto
 closepath fill
 0 setgray
gsave newpath 129.45421 -43.71518 moveto
129.45392 -25.27415 lineto
129.45409 -23.8003 lineto
129.45377 -15.70938 lineto
129.45367 -15.35387 129.16339 -15.0922 128.84921 -14.9108 curveto
117.96823 -8.62868 lineto
117.70004 -8.47385 117.36388 -8.67433 117.36394 -8.991 curveto
117.36375 -21.78862 lineto
117.36372 -23.24986 lineto
117.36392 -36.74992 lineto
117.36386 -38.2373 lineto
117.36356 -51.50345 lineto
117.3634 -51.94817 117.58453 -52.36763 117.96869 -52.58942 curveto
128.84967 -58.87154 lineto
129.11766 -59.02626 129.45412 -58.8193 129.45412 -58.49661 curveto
129.4542 -45.46344 lineto
 closepath
[0.86603 -0.5 0.5 0.86603 0 0] concat stroke grestore
 0.85 setgray
newpath 116.4637 -51.49005 moveto
116.46347 -37.99232 lineto
116.46364 -36.5185 lineto
116.46333 -23.48325 lineto
116.4633 -23.04291 116.23941 -22.63008 115.85863 -22.41023 curveto
104.97765 -16.12811 lineto
104.70966 -15.97339 104.37332 -16.18013 104.37321 -16.50304 curveto
104.37332 -29.53816 lineto
104.37317 -31.01201 lineto
104.3736 -44.50984 lineto
104.37358 -44.96626 104.14139 -45.39407 103.74666 -45.62183 curveto
92.45988 -52.1381 lineto
92.1804 -52.29944 92.16962 -52.69441 92.4378 -52.84926 curveto
103.31879 -59.13138 lineto
103.69937 -59.3511 104.16866 -59.33846 104.55 -59.11832 curveto
115.83678 -52.60204 lineto
116.23149 -52.37428 116.4637 -51.94647 116.4637 -51.49005 curveto closepath
 fill
 0 setgray
gsave newpath 116.4637 -51.49005 moveto
116.46347 -37.99232 lineto
116.46364 -36.5185 lineto
116.46333 -23.48325 lineto
116.4633 -23.04291 116.23941 -22.63008 115.85863 -22.41023 curveto
104.97765 -16.12811 lineto
104.70966 -15.97339 104.37332 -16.18013 104.37321 -16.50304 curveto
104.37332 -29.53816 lineto
104.37317 -31.01201 lineto
104.3736 -44.50984 lineto
104.37358 -44.96626 104.14139 -45.39407 103.74666 -45.62183 curveto
92.45988 -52.1381 lineto
92.1804 -52.29944 92.16962 -52.69441 92.4378 -52.84926 curveto
103.31879 -59.13138 lineto
103.69937 -59.3511 104.16866 -59.33846 104.55 -59.11832 curveto
115.83678 -52.60204 lineto
116.23149 -52.37428 116.4637 -51.94647 116.4637 -51.49005 curveto closepath
[0.86603 -0.5 0.5 0.86603 0 0] concat stroke grestore
 0.85 setgray
newpath 117.99062 38.64233 moveto
129.27696 45.15833 lineto
129.67487 45.38794 130.16544 45.36925 130.56445 45.13889 curveto
142.45872 38.27174 lineto
143.73544 37.53462 lineto
154.819 31.13554 lineto
155.09294 30.97739 155.43439 31.16824 155.43451 31.47792 curveto
155.4346 44.04327 lineto
155.43466 44.48647 155.18152 44.88713 154.79659 45.10938 curveto
143.30746 51.7426 lineto
142.03134 52.47937 lineto
130.54242 59.11247 lineto
130.15094 59.3385 129.66875 59.34468 129.27753 59.11887 curveto
117.99075 52.6026 lineto
117.6094 52.38246 117.3639 51.98239 117.36388 51.5429 curveto
117.36382 38.97804 lineto
117.3639 38.66876 117.71114 38.48099 117.99062 38.64233 curveto closepath fill
 0 setgray
gsave newpath 117.99062 38.64233 moveto
129.27696 45.15833 lineto
129.67487 45.38794 130.16544 45.36925 130.56445 45.13889 curveto
142.45872 38.27174 lineto
143.73544 37.53462 lineto
154.819 31.13554 lineto
155.09294 30.97739 155.43439 31.16824 155.43451 31.47792 curveto
155.4346 44.04327 lineto
155.43466 44.48647 155.18152 44.88713 154.79659 45.10938 curveto
143.30746 51.7426 lineto
142.03134 52.47937 lineto
130.54242 59.11247 lineto
130.15094 59.3385 129.66875 59.34468 129.27753 59.11887 curveto
117.99075 52.6026 lineto
117.6094 52.38246 117.3639 51.98239 117.36388 51.5429 curveto
117.36382 38.97804 lineto
117.3639 38.66876 117.71114 38.48099 117.99062 38.64233 curveto closepath
[0.86603 -0.5 0.5 0.86603 0 0] concat stroke grestore
 0.8 setgray
newpath 92.4824 7.12526 moveto
104.1741 0.37508 lineto
104.4627 0.20845 104.46281 -0.2084 104.174 -0.37492 curveto
92.48228 -7.12521 lineto
92.19208 -7.29277 92.17593 -7.6984 92.44888 -7.85597 curveto
103.53323 -14.25551 lineto
104.76476 -14.96654 lineto
115.84851 -21.36572 lineto
116.12166 -21.52342 116.46399 -21.31961 116.46407 -20.99722 curveto
116.4638 -7.9628 lineto
116.46394 -6.5151 lineto
116.46353 6.51677 lineto
116.46344 6.9648 116.22473 7.37852 115.83682 7.6025 curveto
104.5503 14.11876 lineto
104.16891 14.33894 103.69994 14.3515 103.31932 14.13173 curveto
92.43726 7.84904 lineto
92.16968 7.69458 92.19162 7.29314 92.4824 7.12526 curveto closepath fill
 0 setgray
gsave newpath 92.4824 7.12526 moveto
104.1741 0.37508 lineto
104.4627 0.20845 104.46281 -0.2084 104.174 -0.37492 curveto
92.48228 -7.12521 lineto
92.19208 -7.29277 92.17593 -7.6984 92.44888 -7.85597 curveto
103.53323 -14.25551 lineto
104.76476 -14.96654 lineto
115.84851 -21.36572 lineto
116.12166 -21.52342 116.46399 -21.31961 116.46407 -20.99722 curveto
116.4638 -7.9628 lineto
116.46394 -6.5151 lineto
116.46353 6.51677 lineto
116.46344 6.9648 116.22473 7.37852 115.83682 7.6025 curveto
104.5503 14.11876 lineto
104.16891 14.33894 103.69994 14.3515 103.31932 14.13173 curveto
92.43726 7.84904 lineto
92.16968 7.69458 92.19162 7.29314 92.4824 7.12526 curveto closepath
[0.86603 -0.5 0.5 0.86603 0 0] concat stroke grestore
 0.8 setgray
newpath 143.34433 6.40477 moveto
143.34425 -8.65128 lineto
143.3441 -10.09897 lineto
143.34457 -21.10878 lineto
143.3446 -21.44154 143.82559 -21.442 144.2557 -21.19373 curveto
160.6631 -11.72165 lineto
161.89415 -11.01079 lineto
167.65544 -7.6846 lineto
167.8647 -7.56386 167.63367 -7.30255 167.32603 -7.12494 curveto
155.63342 -0.3745 lineto
155.34482 -0.20787 155.34473 0.20898 155.63353 0.37549 curveto
167.32584 7.12544 lineto
167.61679 7.29338 167.63853 7.69496 167.37054 7.84969 curveto
156.48956 14.1318 lineto
156.10898 14.35153 155.63971 14.33888 155.25836 14.11874 curveto
143.97122 7.60321 lineto
143.55418 7.36244 143.34433 6.89001 143.34433 6.40477 curveto closepath fill
 0 setgray
gsave newpath 143.34433 6.40477 moveto
143.34425 -8.65128 lineto
143.3441 -10.09897 lineto
143.34457 -21.10878 lineto
143.3446 -21.44154 143.82559 -21.442 144.2557 -21.19373 curveto
160.6631 -11.72165 lineto
161.89415 -11.01079 lineto
167.65544 -7.6846 lineto
167.8647 -7.56386 167.63367 -7.30255 167.32603 -7.12494 curveto
155.63342 -0.3745 lineto
155.34482 -0.20787 155.34473 0.20898 155.63353 0.37549 curveto
167.32584 7.12544 lineto
167.61679 7.29338 167.63853 7.69496 167.37054 7.84969 curveto
156.48956 14.1318 lineto
156.10898 14.35153 155.63971 14.33888 155.25836 14.11874 curveto
143.97122 7.60321 lineto
143.55418 7.36244 143.34433 6.89001 143.34433 6.40477 curveto closepath
[0.86603 -0.5 0.5 0.86603 0 0] concat stroke grestore
 0.4 setgray
newpath 90.09187 22.46631 moveto
79.00761 28.86552 lineto
78.73447 29.02322 78.39214 28.8194 78.39206 28.49701 curveto
78.39241 15.46411 lineto
78.39255 15.0084 78.13814 14.5934 77.74289 14.36519 curveto
66.05148 7.61497 lineto
65.6626 7.39049 65.40195 6.9894 65.40198 6.54219 curveto
65.40189 -6.02318 lineto
65.40192 -6.34906 65.60912 -6.60083 65.8053 -6.48761 curveto
73.06691 -2.29547 lineto
74.22015 -1.63008 lineto
87.72118 6.16615 lineto
89.19916 7.01909 lineto
102.29549 14.58038 lineto
102.62563 14.77087 102.68129 15.19781 102.40715 15.3561 curveto
91.3234 21.75528 lineto
 closepath fill
 0 setgray
gsave newpath 90.09187 22.46631 moveto
79.00761 28.86552 lineto
78.73447 29.02322 78.39214 28.8194 78.39206 28.49701 curveto
78.39241 15.46411 lineto
78.39255 15.0084 78.13814 14.5934 77.74289 14.36519 curveto
66.05148 7.61497 lineto
65.6626 7.39049 65.40195 6.9894 65.40198 6.54219 curveto
65.40189 -6.02318 lineto
65.40192 -6.34906 65.60912 -6.60083 65.8053 -6.48761 curveto
73.06691 -2.29547 lineto
74.22015 -1.63008 lineto
87.72118 6.16615 lineto
89.19916 7.01909 lineto
102.29549 14.58038 lineto
102.62563 14.77087 102.68129 15.19781 102.40715 15.3561 curveto
91.3234 21.75528 lineto
 closepath
[0.86603 -0.5 0.5 0.86603 0 0] concat stroke grestore
 0.4 setgray
newpath 169.74959 7.51534 moveto
181.44127 0.76515 lineto
182.7067 0.03456 lineto
193.79025 -6.36452 lineto
194.0642 -6.52267 194.40564 -6.33182 194.40576 -6.02214 curveto
194.40585 6.54321 lineto
194.40584 6.99042 194.14523 7.39142 193.75653 7.61583 curveto
182.06485 14.36601 lineto
181.6696 14.59421 181.4155 15.00917 181.41556 15.46478 curveto
181.41557 28.49692 lineto
181.41565 28.8193 181.07317 29.02312 180.79965 28.86522 curveto
169.71649 22.46632 lineto
168.48451 21.75519 lineto
157.40112 15.35591 lineto
157.12729 15.19792 157.12746 14.8027 157.4012 14.64467 curveto
168.48476 8.24559 lineto
 closepath fill
 0 setgray
gsave newpath 169.74959 7.51534 moveto
181.44127 0.76515 lineto
182.7067 0.03456 lineto
193.79025 -6.36452 lineto
194.0642 -6.52267 194.40564 -6.33182 194.40576 -6.02214 curveto
194.40585 6.54321 lineto
194.40584 6.99042 194.14523 7.39142 193.75653 7.61583 curveto
182.06485 14.36601 lineto
181.6696 14.59421 181.4155 15.00917 181.41556 15.46478 curveto
181.41557 28.49692 lineto
181.41565 28.8193 181.07317 29.02312 180.79965 28.86522 curveto
169.71649 22.46632 lineto
168.48451 21.75519 lineto
157.40112 15.35591 lineto
157.12729 15.19792 157.12746 14.8027 157.4012 14.64467 curveto
168.48476 8.24559 lineto
 closepath
[0.86603 -0.5 0.5 0.86603 0 0] concat stroke grestore
gsave newpath 89.83339 -37.38472 moveto
78.1417 -30.63454 lineto
77.73991 -30.40257 77.49248 -29.97374 77.49245 -29.50963 curveto
77.49223 -16.00957 lineto
77.4922 -15.54546 77.24477 -15.11664 76.84297 -14.88466 curveto
65.15128 -8.13448 lineto
64.74275 -7.89862 64.502 -7.45595 64.50206 -6.98343 curveto
64.50182 6.98395 lineto
64.50177 7.45676 64.74277 7.89934 65.1514 8.13516 curveto
76.84288 14.88506 lineto
77.24484 15.11708 77.4925 15.54602 77.49245 16.01013 curveto
77.49225 29.51021 lineto
77.49222 29.97432 77.73987 30.40326 78.14182 30.63528 curveto
89.8333 37.38518 lineto
90.23526 37.6172 90.48291 38.04614 90.48286 38.51027 curveto
90.48267 52.01033 lineto
90.48259 52.48215 90.74536 52.91212 91.15488 53.14853 curveto
103.25107 60.132 lineto
103.66025 60.36832 104.16399 60.38115 104.57251 60.1453 curveto
116.2642 53.39511 lineto
116.666 53.16313 117.16109 53.16327 117.56303 53.3953 curveto
129.25453 60.14519 lineto
129.65648 60.37721 130.15157 60.37732 130.55334 60.14536 curveto
142.24504 53.39517 lineto
142.64684 53.1632 143.14192 53.16333 143.54387 53.39536 curveto
155.23537 60.14525 lineto
155.64401 60.38107 156.14746 60.3687 156.55678 60.13239 curveto
168.65364 53.14828 lineto
169.06296 52.91196 169.32541 52.48213 169.32549 52.01033 curveto
169.3257 38.51025 lineto
169.32573 38.04614 169.57317 37.61731 169.97496 37.38535 curveto
181.66666 30.63516 lineto
182.06844 30.40318 182.31587 29.97438 182.3159 29.51027 curveto
182.31612 16.0102 lineto
182.31615 15.54608 182.56358 15.11725 182.96538 14.88528 curveto
194.65707 8.1351 lineto
195.0656 7.89923 195.30637 7.45656 195.3063 6.98404 curveto
195.30655 -6.9833 lineto
195.30658 -7.45615 195.0656 -7.89871 194.65695 -8.13455 curveto
182.96547 -14.88443 lineto
182.5635 -15.11647 182.31586 -15.54541 182.3159 -16.00952 curveto
182.3161 -29.5096 lineto
182.31613 -29.97371 182.06848 -30.40265 181.66653 -30.63467 curveto
169.97505 -37.38457 lineto
169.57309 -37.6166 169.32544 -38.04553 169.32549 -38.50964 curveto
169.32568 -52.00972 lineto
169.32578 -52.48152 169.06299 -52.91151 168.65349 -53.14789 curveto
156.5573 -60.1314 lineto
156.14812 -60.3677 155.64436 -60.38054 155.23584 -60.14467 curveto
143.54414 -53.39449 lineto
143.14235 -53.16252 142.64726 -53.16264 142.24532 -53.39467 curveto
130.55382 -60.14455 lineto
130.15187 -60.37657 129.65678 -60.37671 129.255 -60.14473 curveto
117.56331 -53.39455 lineto
117.16151 -53.16258 116.66643 -53.1627 116.26448 -53.39473 curveto
104.57298 -60.1446 lineto
104.16434 -60.38045 103.66089 -60.36807 103.25157 -60.13174 curveto
91.15471 -53.14764 lineto
90.74539 -52.91133 90.48294 -52.4815 90.48286 -52.00969 curveto
90.48265 -38.50963 lineto
90.48262 -38.04552 90.23518 -37.6167 89.83339 -37.38472 curveto closepath
[0.86603 -0.5 0.5 0.86603 0 0] concat stroke grestore
showpage
%%EOF
