%!PS
%%BoundingBox: -1 -1 226 226 
%%HiResBoundingBox: -0.69998 -0.69998 225.69998 225.69998 
%%Creator: MetaPost 0.901
%%CreationDate: 2008.09.19:1138
%%Pages: 1
%%BeginProlog
%%EndProlog
%%Page: 1 1
 0.3 setgray
newpath 74.55002 46.17783 moveto
74.55002 59.27284 lineto
74.55002 60.74982 lineto
74.55002 74.25018 lineto
74.55002 75.74982 lineto
74.55002 89.25018 lineto
74.55002 90.72784 lineto
74.55002 103.82286 lineto
74.55002 104.22066 74.23828 104.55002 73.84483 104.55002 curveto
61.15517 104.55002 lineto
60.75737 104.55002 60.44998 104.20647 60.44998 103.8002 curveto
60.44998 90.29984 lineto
60.44998 89.88579 60.11421 89.55002 59.70016 89.55002 curveto
46.1998 89.55002 lineto
45.79353 89.55002 45.44998 89.24263 45.44998 88.84483 curveto
45.44998 76.15517 lineto
45.44998 75.75737 45.79353 75.44998 46.1998 75.44998 curveto
59.70016 75.44998 lineto
60.11856 75.44998 60.44998 75.10002 60.44998 74.6775 curveto
60.44998 60.77248 lineto
60.44998 59.27216 lineto
60.44998 46.17714 lineto
60.44998 45.77934 60.76172 45.44998 61.15517 45.44998 curveto
73.84483 45.44998 lineto
74.23851 45.44998 74.55002 45.7798 74.55002 46.17783 curveto closepath fill
 0 setgray 0 0.5 dtransform truncate idtransform setlinewidth pop [] 0 setdash
 1 setlinejoin 10 setmiterlimit
newpath 74.55002 46.17783 moveto
74.55002 59.27284 lineto
74.55002 60.74982 lineto
74.55002 74.25018 lineto
74.55002 75.74982 lineto
74.55002 89.25018 lineto
74.55002 90.72784 lineto
74.55002 103.82286 lineto
74.55002 104.22066 74.23828 104.55002 73.84483 104.55002 curveto
61.15517 104.55002 lineto
60.75737 104.55002 60.44998 104.20647 60.44998 103.8002 curveto
60.44998 90.29984 lineto
60.44998 89.88579 60.11421 89.55002 59.70016 89.55002 curveto
46.1998 89.55002 lineto
45.79353 89.55002 45.44998 89.24263 45.44998 88.84483 curveto
45.44998 76.15517 lineto
45.44998 75.75737 45.79353 75.44998 46.1998 75.44998 curveto
59.70016 75.44998 lineto
60.11856 75.44998 60.44998 75.10002 60.44998 74.6775 curveto
60.44998 60.77248 lineto
60.44998 59.27216 lineto
60.44998 46.17714 lineto
60.44998 45.77934 60.76172 45.44998 61.15517 45.44998 curveto
73.84483 45.44998 lineto
74.23851 45.44998 74.55002 45.7798 74.55002 46.17783 curveto closepath stroke
 0.8 setgray
newpath 164.55002 136.17783 moveto
164.55002 149.27284 lineto
164.55002 150.74982 lineto
164.55002 164.25018 lineto
164.55002 165.74982 lineto
164.55002 179.25018 lineto
164.55002 180.72784 lineto
164.55002 193.82286 lineto
164.55002 194.22066 164.23828 194.55002 163.84483 194.55002 curveto
151.15517 194.55002 lineto
150.75737 194.55002 150.44998 194.20647 150.44998 193.8002 curveto
150.44998 180.29984 lineto
150.44998 179.88579 150.11421 179.55002 149.70016 179.55002 curveto
136.1998 179.55002 lineto
135.79353 179.55002 135.44998 179.24263 135.44998 178.84483 curveto
135.44998 166.15517 lineto
135.44998 165.75737 135.79353 165.44998 136.1998 165.44998 curveto
149.70016 165.44998 lineto
150.11856 165.44998 150.44998 165.10002 150.44998 164.6775 curveto
150.44998 150.77248 lineto
150.44998 149.27216 lineto
150.44998 136.17714 lineto
150.44998 135.77934 150.76172 135.44998 151.15517 135.44998 curveto
163.84483 135.44998 lineto
164.23851 135.44998 164.55002 135.7798 164.55002 136.17783 curveto closepath
 fill
 0 setgray
newpath 164.55002 136.17783 moveto
164.55002 149.27284 lineto
164.55002 150.74982 lineto
164.55002 164.25018 lineto
164.55002 165.74982 lineto
164.55002 179.25018 lineto
164.55002 180.72784 lineto
164.55002 193.82286 lineto
164.55002 194.22066 164.23828 194.55002 163.84483 194.55002 curveto
151.15517 194.55002 lineto
150.75737 194.55002 150.44998 194.20647 150.44998 193.8002 curveto
150.44998 180.29984 lineto
150.44998 179.88579 150.11421 179.55002 149.70016 179.55002 curveto
136.1998 179.55002 lineto
135.79353 179.55002 135.44998 179.24263 135.44998 178.84483 curveto
135.44998 166.15517 lineto
135.44998 165.75737 135.79353 165.44998 136.1998 165.44998 curveto
149.70016 165.44998 lineto
150.11856 165.44998 150.44998 165.10002 150.44998 164.6775 curveto
150.44998 150.77248 lineto
150.44998 149.27216 lineto
150.44998 136.17714 lineto
150.44998 135.77934 150.76172 135.44998 151.15517 135.44998 curveto
163.84483 135.44998 lineto
164.23851 135.44998 164.55002 135.7798 164.55002 136.17783 curveto closepath
 stroke
 0.8 setgray
newpath 164.55002 61.17783 moveto
164.55002 74.27284 lineto
164.55002 75.74982 lineto
164.55002 89.25018 lineto
164.55002 90.74982 lineto
164.55002 104.25018 lineto
164.55002 105.72784 lineto
164.55002 118.82286 lineto
164.55002 119.22066 164.23828 119.55002 163.84483 119.55002 curveto
151.15517 119.55002 lineto
150.75737 119.55002 150.44998 119.20647 150.44998 118.8002 curveto
150.44998 105.29984 lineto
150.44998 104.88579 150.11421 104.55002 149.70016 104.55002 curveto
136.1998 104.55002 lineto
135.79353 104.55002 135.44998 104.24263 135.44998 103.84483 curveto
135.44998 91.15517 lineto
135.44998 90.75737 135.79353 90.44998 136.1998 90.44998 curveto
149.70016 90.44998 lineto
150.11856 90.44998 150.44998 90.10002 150.44998 89.6775 curveto
150.44998 75.77248 lineto
150.44998 74.27216 lineto
150.44998 61.17714 lineto
150.44998 60.77934 150.76172 60.44998 151.15517 60.44998 curveto
163.84483 60.44998 lineto
164.23851 60.44998 164.55002 60.7798 164.55002 61.17783 curveto closepath fill
 0 setgray
newpath 164.55002 61.17783 moveto
164.55002 74.27284 lineto
164.55002 75.74982 lineto
164.55002 89.25018 lineto
164.55002 90.74982 lineto
164.55002 104.25018 lineto
164.55002 105.72784 lineto
164.55002 118.82286 lineto
164.55002 119.22066 164.23828 119.55002 163.84483 119.55002 curveto
151.15517 119.55002 lineto
150.75737 119.55002 150.44998 119.20647 150.44998 118.8002 curveto
150.44998 105.29984 lineto
150.44998 104.88579 150.11421 104.55002 149.70016 104.55002 curveto
136.1998 104.55002 lineto
135.79353 104.55002 135.44998 104.24263 135.44998 103.84483 curveto
135.44998 91.15517 lineto
135.44998 90.75737 135.79353 90.44998 136.1998 90.44998 curveto
149.70016 90.44998 lineto
150.11856 90.44998 150.44998 90.10002 150.44998 89.6775 curveto
150.44998 75.77248 lineto
150.44998 74.27216 lineto
150.44998 61.17714 lineto
150.44998 60.77934 150.76172 60.44998 151.15517 60.44998 curveto
163.84483 60.44998 lineto
164.23851 60.44998 164.55002 60.7798 164.55002 61.17783 curveto closepath
 stroke
 0.6 setgray
newpath 194.55002 151.17783 moveto
194.55002 164.27284 lineto
194.55002 165.74982 lineto
194.55002 179.25018 lineto
194.55002 180.74982 lineto
194.55002 194.25018 lineto
194.55002 195.72784 lineto
194.55002 208.82286 lineto
194.55002 209.22066 194.23828 209.55002 193.84483 209.55002 curveto
181.15517 209.55002 lineto
180.75737 209.55002 180.44998 209.20647 180.44998 208.8002 curveto
180.44998 195.29984 lineto
180.44998 194.88579 180.11421 194.55002 179.70016 194.55002 curveto
166.1998 194.55002 lineto
165.79353 194.55002 165.44998 194.24263 165.44998 193.84483 curveto
165.44998 181.15517 lineto
165.44998 180.75737 165.79353 180.44998 166.1998 180.44998 curveto
179.70016 180.44998 lineto
180.11856 180.44998 180.44998 180.10002 180.44998 179.6775 curveto
180.44998 165.77248 lineto
180.44998 164.27216 lineto
180.44998 151.17714 lineto
180.44998 150.77934 180.76172 150.44998 181.15517 150.44998 curveto
193.84483 150.44998 lineto
194.23851 150.44998 194.55002 150.7798 194.55002 151.17783 curveto closepath
 fill
 0 setgray
newpath 194.55002 151.17783 moveto
194.55002 164.27284 lineto
194.55002 165.74982 lineto
194.55002 179.25018 lineto
194.55002 180.74982 lineto
194.55002 194.25018 lineto
194.55002 195.72784 lineto
194.55002 208.82286 lineto
194.55002 209.22066 194.23828 209.55002 193.84483 209.55002 curveto
181.15517 209.55002 lineto
180.75737 209.55002 180.44998 209.20647 180.44998 208.8002 curveto
180.44998 195.29984 lineto
180.44998 194.88579 180.11421 194.55002 179.70016 194.55002 curveto
166.1998 194.55002 lineto
165.79353 194.55002 165.44998 194.24263 165.44998 193.84483 curveto
165.44998 181.15517 lineto
165.44998 180.75737 165.79353 180.44998 166.1998 180.44998 curveto
179.70016 180.44998 lineto
180.11856 180.44998 180.44998 180.10002 180.44998 179.6775 curveto
180.44998 165.77248 lineto
180.44998 164.27216 lineto
180.44998 151.17714 lineto
180.44998 150.77934 180.76172 150.44998 181.15517 150.44998 curveto
193.84483 150.44998 lineto
194.23851 150.44998 194.55002 150.7798 194.55002 151.17783 curveto closepath
 stroke
 0.3 setgray
newpath 194.55002 76.17783 moveto
194.55002 89.27284 lineto
194.55002 90.74982 lineto
194.55002 104.25018 lineto
194.55002 105.74982 lineto
194.55002 119.25018 lineto
194.55002 120.72784 lineto
194.55002 133.82286 lineto
194.55002 134.22066 194.23828 134.55002 193.84483 134.55002 curveto
181.15517 134.55002 lineto
180.75737 134.55002 180.44998 134.20647 180.44998 133.8002 curveto
180.44998 120.29984 lineto
180.44998 119.88579 180.11421 119.55002 179.70016 119.55002 curveto
166.1998 119.55002 lineto
165.79353 119.55002 165.44998 119.24263 165.44998 118.84483 curveto
165.44998 106.15517 lineto
165.44998 105.75737 165.79353 105.44998 166.1998 105.44998 curveto
179.70016 105.44998 lineto
180.11856 105.44998 180.44998 105.10002 180.44998 104.6775 curveto
180.44998 90.77248 lineto
180.44998 89.27216 lineto
180.44998 76.17714 lineto
180.44998 75.77934 180.76172 75.44998 181.15517 75.44998 curveto
193.84483 75.44998 lineto
194.23851 75.44998 194.55002 75.7798 194.55002 76.17783 curveto closepath fill
 0 setgray
newpath 194.55002 76.17783 moveto
194.55002 89.27284 lineto
194.55002 90.74982 lineto
194.55002 104.25018 lineto
194.55002 105.74982 lineto
194.55002 119.25018 lineto
194.55002 120.72784 lineto
194.55002 133.82286 lineto
194.55002 134.22066 194.23828 134.55002 193.84483 134.55002 curveto
181.15517 134.55002 lineto
180.75737 134.55002 180.44998 134.20647 180.44998 133.8002 curveto
180.44998 120.29984 lineto
180.44998 119.88579 180.11421 119.55002 179.70016 119.55002 curveto
166.1998 119.55002 lineto
165.79353 119.55002 165.44998 119.24263 165.44998 118.84483 curveto
165.44998 106.15517 lineto
165.44998 105.75737 165.79353 105.44998 166.1998 105.44998 curveto
179.70016 105.44998 lineto
180.11856 105.44998 180.44998 105.10002 180.44998 104.6775 curveto
180.44998 90.77248 lineto
180.44998 89.27216 lineto
180.44998 76.17714 lineto
180.44998 75.77934 180.76172 75.44998 181.15517 75.44998 curveto
193.84483 75.44998 lineto
194.23851 75.44998 194.55002 75.7798 194.55002 76.17783 curveto closepath
 stroke
 0.3 setgray
newpath 224.55002 151.17783 moveto
224.55002 164.27284 lineto
224.55002 165.74982 lineto
224.55002 179.25018 lineto
224.55002 180.74982 lineto
224.55002 194.25018 lineto
224.55002 195.72784 lineto
224.55002 208.82286 lineto
224.55002 209.22066 224.23828 209.55002 223.84483 209.55002 curveto
211.15517 209.55002 lineto
210.75737 209.55002 210.44998 209.20647 210.44998 208.8002 curveto
210.44998 195.29984 lineto
210.44998 194.88579 210.11421 194.55002 209.70016 194.55002 curveto
196.1998 194.55002 lineto
195.79353 194.55002 195.44998 194.24263 195.44998 193.84483 curveto
195.44998 181.15517 lineto
195.44998 180.75737 195.79353 180.44998 196.1998 180.44998 curveto
209.70016 180.44998 lineto
210.11856 180.44998 210.44998 180.10002 210.44998 179.6775 curveto
210.44998 165.77248 lineto
210.44998 164.27216 lineto
210.44998 151.17714 lineto
210.44998 150.77934 210.76172 150.44998 211.15517 150.44998 curveto
223.84483 150.44998 lineto
224.23851 150.44998 224.55002 150.7798 224.55002 151.17783 curveto closepath
 fill
 0 setgray
newpath 224.55002 151.17783 moveto
224.55002 164.27284 lineto
224.55002 165.74982 lineto
224.55002 179.25018 lineto
224.55002 180.74982 lineto
224.55002 194.25018 lineto
224.55002 195.72784 lineto
224.55002 208.82286 lineto
224.55002 209.22066 224.23828 209.55002 223.84483 209.55002 curveto
211.15517 209.55002 lineto
210.75737 209.55002 210.44998 209.20647 210.44998 208.8002 curveto
210.44998 195.29984 lineto
210.44998 194.88579 210.11421 194.55002 209.70016 194.55002 curveto
196.1998 194.55002 lineto
195.79353 194.55002 195.44998 194.24263 195.44998 193.84483 curveto
195.44998 181.15517 lineto
195.44998 180.75737 195.79353 180.44998 196.1998 180.44998 curveto
209.70016 180.44998 lineto
210.11856 180.44998 210.44998 180.10002 210.44998 179.6775 curveto
210.44998 165.77248 lineto
210.44998 164.27216 lineto
210.44998 151.17714 lineto
210.44998 150.77934 210.76172 150.44998 211.15517 150.44998 curveto
223.84483 150.44998 lineto
224.23851 150.44998 224.55002 150.7798 224.55002 151.17783 curveto closepath
 stroke
 0.95 setgray
newpath 224.55002 76.17783 moveto
224.55002 89.27284 lineto
224.55002 90.74982 lineto
224.55002 104.25018 lineto
224.55002 105.74982 lineto
224.55002 119.25018 lineto
224.55002 120.72784 lineto
224.55002 133.82286 lineto
224.55002 134.22066 224.23828 134.55002 223.84483 134.55002 curveto
211.15517 134.55002 lineto
210.75737 134.55002 210.44998 134.20647 210.44998 133.8002 curveto
210.44998 120.29984 lineto
210.44998 119.88579 210.11421 119.55002 209.70016 119.55002 curveto
196.1998 119.55002 lineto
195.79353 119.55002 195.44998 119.24263 195.44998 118.84483 curveto
195.44998 106.15517 lineto
195.44998 105.75737 195.79353 105.44998 196.1998 105.44998 curveto
209.70016 105.44998 lineto
210.11856 105.44998 210.44998 105.10002 210.44998 104.6775 curveto
210.44998 90.77248 lineto
210.44998 89.27216 lineto
210.44998 76.17714 lineto
210.44998 75.77934 210.76172 75.44998 211.15517 75.44998 curveto
223.84483 75.44998 lineto
224.23851 75.44998 224.55002 75.7798 224.55002 76.17783 curveto closepath fill
 0 setgray
newpath 224.55002 76.17783 moveto
224.55002 89.27284 lineto
224.55002 90.74982 lineto
224.55002 104.25018 lineto
224.55002 105.74982 lineto
224.55002 119.25018 lineto
224.55002 120.72784 lineto
224.55002 133.82286 lineto
224.55002 134.22066 224.23828 134.55002 223.84483 134.55002 curveto
211.15517 134.55002 lineto
210.75737 134.55002 210.44998 134.20647 210.44998 133.8002 curveto
210.44998 120.29984 lineto
210.44998 119.88579 210.11421 119.55002 209.70016 119.55002 curveto
196.1998 119.55002 lineto
195.79353 119.55002 195.44998 119.24263 195.44998 118.84483 curveto
195.44998 106.15517 lineto
195.44998 105.75737 195.79353 105.44998 196.1998 105.44998 curveto
209.70016 105.44998 lineto
210.11856 105.44998 210.44998 105.10002 210.44998 104.6775 curveto
210.44998 90.77248 lineto
210.44998 89.27216 lineto
210.44998 76.17714 lineto
210.44998 75.77934 210.76172 75.44998 211.15517 75.44998 curveto
223.84483 75.44998 lineto
224.23851 75.44998 224.55002 75.7798 224.55002 76.17783 curveto closepath
 stroke
 0.8 setgray
newpath 73.82217 224.55002 moveto
60.72716 224.55002 lineto
59.25018 224.55002 lineto
45.74982 224.55002 lineto
44.25018 224.55002 lineto
30.74982 224.55002 lineto
29.27216 224.55002 lineto
16.17714 224.55002 lineto
15.77934 224.55002 15.44998 224.23828 15.44998 223.84483 curveto
15.44998 211.15517 lineto
15.44998 210.75737 15.79353 210.44998 16.1998 210.44998 curveto
29.70016 210.44998 lineto
30.11421 210.44998 30.44998 210.11421 30.44998 209.70016 curveto
30.44998 196.1998 lineto
30.44998 195.79353 30.75737 195.44998 31.15517 195.44998 curveto
43.84483 195.44998 lineto
44.24263 195.44998 44.55002 195.79353 44.55002 196.1998 curveto
44.55002 209.70016 lineto
44.55002 210.11856 44.89998 210.44998 45.3225 210.44998 curveto
59.22752 210.44998 lineto
60.72784 210.44998 lineto
73.82286 210.44998 lineto
74.22066 210.44998 74.55002 210.76172 74.55002 211.15517 curveto
74.55002 223.84483 lineto
74.55002 224.23851 74.2202 224.55002 73.82217 224.55002 curveto closepath fill
 0 setgray
newpath 73.82217 224.55002 moveto
60.72716 224.55002 lineto
59.25018 224.55002 lineto
45.74982 224.55002 lineto
44.25018 224.55002 lineto
30.74982 224.55002 lineto
29.27216 224.55002 lineto
16.17714 224.55002 lineto
15.77934 224.55002 15.44998 224.23828 15.44998 223.84483 curveto
15.44998 211.15517 lineto
15.44998 210.75737 15.79353 210.44998 16.1998 210.44998 curveto
29.70016 210.44998 lineto
30.11421 210.44998 30.44998 210.11421 30.44998 209.70016 curveto
30.44998 196.1998 lineto
30.44998 195.79353 30.75737 195.44998 31.15517 195.44998 curveto
43.84483 195.44998 lineto
44.24263 195.44998 44.55002 195.79353 44.55002 196.1998 curveto
44.55002 209.70016 lineto
44.55002 210.11856 44.89998 210.44998 45.3225 210.44998 curveto
59.22752 210.44998 lineto
60.72784 210.44998 lineto
73.82286 210.44998 lineto
74.22066 210.44998 74.55002 210.76172 74.55002 211.15517 curveto
74.55002 223.84483 lineto
74.55002 224.23851 74.2202 224.55002 73.82217 224.55002 curveto closepath
 stroke
 0.8 setgray
newpath 148.82217 224.55002 moveto
135.72716 224.55002 lineto
134.25018 224.55002 lineto
120.74982 224.55002 lineto
119.25018 224.55002 lineto
105.74982 224.55002 lineto
104.27216 224.55002 lineto
91.17714 224.55002 lineto
90.77934 224.55002 90.44998 224.23828 90.44998 223.84483 curveto
90.44998 211.15517 lineto
90.44998 210.75737 90.79353 210.44998 91.1998 210.44998 curveto
104.70016 210.44998 lineto
105.11421 210.44998 105.44998 210.11421 105.44998 209.70016 curveto
105.44998 196.1998 lineto
105.44998 195.79353 105.75737 195.44998 106.15517 195.44998 curveto
118.84483 195.44998 lineto
119.24263 195.44998 119.55002 195.79353 119.55002 196.1998 curveto
119.55002 209.70016 lineto
119.55002 210.11856 119.89998 210.44998 120.3225 210.44998 curveto
134.22752 210.44998 lineto
135.72784 210.44998 lineto
148.82286 210.44998 lineto
149.22066 210.44998 149.55002 210.76172 149.55002 211.15517 curveto
149.55002 223.84483 lineto
149.55002 224.23851 149.2202 224.55002 148.82217 224.55002 curveto closepath
 fill
 0 setgray
newpath 148.82217 224.55002 moveto
135.72716 224.55002 lineto
134.25018 224.55002 lineto
120.74982 224.55002 lineto
119.25018 224.55002 lineto
105.74982 224.55002 lineto
104.27216 224.55002 lineto
91.17714 224.55002 lineto
90.77934 224.55002 90.44998 224.23828 90.44998 223.84483 curveto
90.44998 211.15517 lineto
90.44998 210.75737 90.79353 210.44998 91.1998 210.44998 curveto
104.70016 210.44998 lineto
105.11421 210.44998 105.44998 210.11421 105.44998 209.70016 curveto
105.44998 196.1998 lineto
105.44998 195.79353 105.75737 195.44998 106.15517 195.44998 curveto
118.84483 195.44998 lineto
119.24263 195.44998 119.55002 195.79353 119.55002 196.1998 curveto
119.55002 209.70016 lineto
119.55002 210.11856 119.89998 210.44998 120.3225 210.44998 curveto
134.22752 210.44998 lineto
135.72784 210.44998 lineto
148.82286 210.44998 lineto
149.22066 210.44998 149.55002 210.76172 149.55002 211.15517 curveto
149.55002 223.84483 lineto
149.55002 224.23851 149.2202 224.55002 148.82217 224.55002 curveto closepath
 stroke
 0.6 setgray
newpath 73.82217 194.55002 moveto
60.72716 194.55002 lineto
59.25018 194.55002 lineto
45.74982 194.55002 lineto
44.25018 194.55002 lineto
30.74982 194.55002 lineto
29.27216 194.55002 lineto
16.17714 194.55002 lineto
15.77934 194.55002 15.44998 194.23828 15.44998 193.84483 curveto
15.44998 181.15517 lineto
15.44998 180.75737 15.79353 180.44998 16.1998 180.44998 curveto
29.70016 180.44998 lineto
30.11421 180.44998 30.44998 180.11421 30.44998 179.70016 curveto
30.44998 166.1998 lineto
30.44998 165.79353 30.75737 165.44998 31.15517 165.44998 curveto
43.84483 165.44998 lineto
44.24263 165.44998 44.55002 165.79353 44.55002 166.1998 curveto
44.55002 179.70016 lineto
44.55002 180.11856 44.89998 180.44998 45.3225 180.44998 curveto
59.22752 180.44998 lineto
60.72784 180.44998 lineto
73.82286 180.44998 lineto
74.22066 180.44998 74.55002 180.76172 74.55002 181.15517 curveto
74.55002 193.84483 lineto
74.55002 194.23851 74.2202 194.55002 73.82217 194.55002 curveto closepath fill
 0 setgray
newpath 73.82217 194.55002 moveto
60.72716 194.55002 lineto
59.25018 194.55002 lineto
45.74982 194.55002 lineto
44.25018 194.55002 lineto
30.74982 194.55002 lineto
29.27216 194.55002 lineto
16.17714 194.55002 lineto
15.77934 194.55002 15.44998 194.23828 15.44998 193.84483 curveto
15.44998 181.15517 lineto
15.44998 180.75737 15.79353 180.44998 16.1998 180.44998 curveto
29.70016 180.44998 lineto
30.11421 180.44998 30.44998 180.11421 30.44998 179.70016 curveto
30.44998 166.1998 lineto
30.44998 165.79353 30.75737 165.44998 31.15517 165.44998 curveto
43.84483 165.44998 lineto
44.24263 165.44998 44.55002 165.79353 44.55002 166.1998 curveto
44.55002 179.70016 lineto
44.55002 180.11856 44.89998 180.44998 45.3225 180.44998 curveto
59.22752 180.44998 lineto
60.72784 180.44998 lineto
73.82286 180.44998 lineto
74.22066 180.44998 74.55002 180.76172 74.55002 181.15517 curveto
74.55002 193.84483 lineto
74.55002 194.23851 74.2202 194.55002 73.82217 194.55002 curveto closepath
 stroke
 0.6 setgray
newpath 148.82217 194.55002 moveto
135.72716 194.55002 lineto
134.25018 194.55002 lineto
120.74982 194.55002 lineto
119.25018 194.55002 lineto
105.74982 194.55002 lineto
104.27216 194.55002 lineto
91.17714 194.55002 lineto
90.77934 194.55002 90.44998 194.23828 90.44998 193.84483 curveto
90.44998 181.15517 lineto
90.44998 180.75737 90.79353 180.44998 91.1998 180.44998 curveto
104.70016 180.44998 lineto
105.11421 180.44998 105.44998 180.11421 105.44998 179.70016 curveto
105.44998 166.1998 lineto
105.44998 165.79353 105.75737 165.44998 106.15517 165.44998 curveto
118.84483 165.44998 lineto
119.24263 165.44998 119.55002 165.79353 119.55002 166.1998 curveto
119.55002 179.70016 lineto
119.55002 180.11856 119.89998 180.44998 120.3225 180.44998 curveto
134.22752 180.44998 lineto
135.72784 180.44998 lineto
148.82286 180.44998 lineto
149.22066 180.44998 149.55002 180.76172 149.55002 181.15517 curveto
149.55002 193.84483 lineto
149.55002 194.23851 149.2202 194.55002 148.82217 194.55002 curveto closepath
 fill
 0 setgray
newpath 148.82217 194.55002 moveto
135.72716 194.55002 lineto
134.25018 194.55002 lineto
120.74982 194.55002 lineto
119.25018 194.55002 lineto
105.74982 194.55002 lineto
104.27216 194.55002 lineto
91.17714 194.55002 lineto
90.77934 194.55002 90.44998 194.23828 90.44998 193.84483 curveto
90.44998 181.15517 lineto
90.44998 180.75737 90.79353 180.44998 91.1998 180.44998 curveto
104.70016 180.44998 lineto
105.11421 180.44998 105.44998 180.11421 105.44998 179.70016 curveto
105.44998 166.1998 lineto
105.44998 165.79353 105.75737 165.44998 106.15517 165.44998 curveto
118.84483 165.44998 lineto
119.24263 165.44998 119.55002 165.79353 119.55002 166.1998 curveto
119.55002 179.70016 lineto
119.55002 180.11856 119.89998 180.44998 120.3225 180.44998 curveto
134.22752 180.44998 lineto
135.72784 180.44998 lineto
148.82286 180.44998 lineto
149.22066 180.44998 149.55002 180.76172 149.55002 181.15517 curveto
149.55002 193.84483 lineto
149.55002 194.23851 149.2202 194.55002 148.82217 194.55002 curveto closepath
 stroke
 0.95 setgray
newpath 118.82217 164.55002 moveto
105.72716 164.55002 lineto
104.25018 164.55002 lineto
90.74982 164.55002 lineto
89.25018 164.55002 lineto
75.74982 164.55002 lineto
74.27216 164.55002 lineto
61.17714 164.55002 lineto
60.77934 164.55002 60.44998 164.23828 60.44998 163.84483 curveto
60.44998 151.15517 lineto
60.44998 150.75737 60.79353 150.44998 61.1998 150.44998 curveto
74.70016 150.44998 lineto
75.11421 150.44998 75.44998 150.11421 75.44998 149.70016 curveto
75.44998 136.1998 lineto
75.44998 135.79353 75.75737 135.44998 76.15517 135.44998 curveto
88.84483 135.44998 lineto
89.24263 135.44998 89.55002 135.79353 89.55002 136.1998 curveto
89.55002 149.70016 lineto
89.55002 150.11856 89.89998 150.44998 90.3225 150.44998 curveto
104.22752 150.44998 lineto
105.72784 150.44998 lineto
118.82286 150.44998 lineto
119.22066 150.44998 119.55002 150.76172 119.55002 151.15517 curveto
119.55002 163.84483 lineto
119.55002 164.23851 119.2202 164.55002 118.82217 164.55002 curveto closepath
 fill
 0 setgray
newpath 118.82217 164.55002 moveto
105.72716 164.55002 lineto
104.25018 164.55002 lineto
90.74982 164.55002 lineto
89.25018 164.55002 lineto
75.74982 164.55002 lineto
74.27216 164.55002 lineto
61.17714 164.55002 lineto
60.77934 164.55002 60.44998 164.23828 60.44998 163.84483 curveto
60.44998 151.15517 lineto
60.44998 150.75737 60.79353 150.44998 61.1998 150.44998 curveto
74.70016 150.44998 lineto
75.11421 150.44998 75.44998 150.11421 75.44998 149.70016 curveto
75.44998 136.1998 lineto
75.44998 135.79353 75.75737 135.44998 76.15517 135.44998 curveto
88.84483 135.44998 lineto
89.24263 135.44998 89.55002 135.79353 89.55002 136.1998 curveto
89.55002 149.70016 lineto
89.55002 150.11856 89.89998 150.44998 90.3225 150.44998 curveto
104.22752 150.44998 lineto
105.72784 150.44998 lineto
118.82286 150.44998 lineto
119.22066 150.44998 119.55002 150.76172 119.55002 151.15517 curveto
119.55002 163.84483 lineto
119.55002 164.23851 119.2202 164.55002 118.82217 164.55002 curveto closepath
 stroke
 0.6 setgray
newpath 58.82217 149.55002 moveto
45.72716 149.55002 lineto
44.25018 149.55002 lineto
30.74982 149.55002 lineto
29.25018 149.55002 lineto
15.74982 149.55002 lineto
14.27216 149.55002 lineto
1.17714 149.55002 lineto
0.77934 149.55002 0.44998 149.23828 0.44998 148.84483 curveto
0.44998 136.15517 lineto
0.44998 135.75737 0.79353 135.44998 1.1998 135.44998 curveto
14.70016 135.44998 lineto
15.11421 135.44998 15.44998 135.11421 15.44998 134.70016 curveto
15.44998 121.1998 lineto
15.44998 120.79353 15.75737 120.44998 16.15517 120.44998 curveto
28.84483 120.44998 lineto
29.24263 120.44998 29.55002 120.79353 29.55002 121.1998 curveto
29.55002 134.70016 lineto
29.55002 135.11856 29.89998 135.44998 30.3225 135.44998 curveto
44.22752 135.44998 lineto
45.72784 135.44998 lineto
58.82286 135.44998 lineto
59.22066 135.44998 59.55002 135.76172 59.55002 136.15517 curveto
59.55002 148.84483 lineto
59.55002 149.23851 59.2202 149.55002 58.82217 149.55002 curveto closepath fill
 0 setgray
newpath 58.82217 149.55002 moveto
45.72716 149.55002 lineto
44.25018 149.55002 lineto
30.74982 149.55002 lineto
29.25018 149.55002 lineto
15.74982 149.55002 lineto
14.27216 149.55002 lineto
1.17714 149.55002 lineto
0.77934 149.55002 0.44998 149.23828 0.44998 148.84483 curveto
0.44998 136.15517 lineto
0.44998 135.75737 0.79353 135.44998 1.1998 135.44998 curveto
14.70016 135.44998 lineto
15.11421 135.44998 15.44998 135.11421 15.44998 134.70016 curveto
15.44998 121.1998 lineto
15.44998 120.79353 15.75737 120.44998 16.15517 120.44998 curveto
28.84483 120.44998 lineto
29.24263 120.44998 29.55002 120.79353 29.55002 121.1998 curveto
29.55002 134.70016 lineto
29.55002 135.11856 29.89998 135.44998 30.3225 135.44998 curveto
44.22752 135.44998 lineto
45.72784 135.44998 lineto
58.82286 135.44998 lineto
59.22066 135.44998 59.55002 135.76172 59.55002 136.15517 curveto
59.55002 148.84483 lineto
59.55002 149.23851 59.2202 149.55002 58.82217 149.55002 curveto closepath
 stroke
 0.8 setgray
newpath 88.82217 119.55002 moveto
75.72716 119.55002 lineto
74.25018 119.55002 lineto
60.74982 119.55002 lineto
59.25018 119.55002 lineto
45.74982 119.55002 lineto
44.27216 119.55002 lineto
31.17714 119.55002 lineto
30.77934 119.55002 30.44998 119.23828 30.44998 118.84483 curveto
30.44998 106.15517 lineto
30.44998 105.75737 30.79353 105.44998 31.1998 105.44998 curveto
44.70016 105.44998 lineto
45.11421 105.44998 45.44998 105.11421 45.44998 104.70016 curveto
45.44998 91.1998 lineto
45.44998 90.79353 45.75737 90.44998 46.15517 90.44998 curveto
58.84483 90.44998 lineto
59.24263 90.44998 59.55002 90.79353 59.55002 91.1998 curveto
59.55002 104.70016 lineto
59.55002 105.11856 59.89998 105.44998 60.3225 105.44998 curveto
74.22752 105.44998 lineto
75.72784 105.44998 lineto
88.82286 105.44998 lineto
89.22066 105.44998 89.55002 105.76172 89.55002 106.15517 curveto
89.55002 118.84483 lineto
89.55002 119.23851 89.2202 119.55002 88.82217 119.55002 curveto closepath fill
 0 setgray
newpath 88.82217 119.55002 moveto
75.72716 119.55002 lineto
74.25018 119.55002 lineto
60.74982 119.55002 lineto
59.25018 119.55002 lineto
45.74982 119.55002 lineto
44.27216 119.55002 lineto
31.17714 119.55002 lineto
30.77934 119.55002 30.44998 119.23828 30.44998 118.84483 curveto
30.44998 106.15517 lineto
30.44998 105.75737 30.79353 105.44998 31.1998 105.44998 curveto
44.70016 105.44998 lineto
45.11421 105.44998 45.44998 105.11421 45.44998 104.70016 curveto
45.44998 91.1998 lineto
45.44998 90.79353 45.75737 90.44998 46.15517 90.44998 curveto
58.84483 90.44998 lineto
59.24263 90.44998 59.55002 90.79353 59.55002 91.1998 curveto
59.55002 104.70016 lineto
59.55002 105.11856 59.89998 105.44998 60.3225 105.44998 curveto
74.22752 105.44998 lineto
75.72784 105.44998 lineto
88.82286 105.44998 lineto
89.22066 105.44998 89.55002 105.76172 89.55002 106.15517 curveto
89.55002 118.84483 lineto
89.55002 119.23851 89.2202 119.55002 88.82217 119.55002 curveto closepath
 stroke
 0.95 setgray
newpath 0.44998 58.82217 moveto
0.44998 45.72716 lineto
0.44998 44.25018 lineto
0.44998 30.74982 lineto
0.44998 29.25018 lineto
0.44998 15.74982 lineto
0.44998 14.27216 lineto
0.44998 1.17714 lineto
0.44998 0.77934 0.76172 0.44998 1.15517 0.44998 curveto
13.84483 0.44998 lineto
14.24263 0.44998 14.55002 0.79353 14.55002 1.1998 curveto
14.55002 14.70016 lineto
14.55002 15.11421 14.88579 15.44998 15.29984 15.44998 curveto
28.8002 15.44998 lineto
29.20647 15.44998 29.55002 15.75737 29.55002 16.15517 curveto
29.55002 28.84483 lineto
29.55002 29.24263 29.20647 29.55002 28.8002 29.55002 curveto
15.29984 29.55002 lineto
14.88144 29.55002 14.55002 29.89998 14.55002 30.3225 curveto
14.55002 44.22752 lineto
14.55002 45.72784 lineto
14.55002 58.82286 lineto
14.55002 59.22066 14.23828 59.55002 13.84483 59.55002 curveto
1.15517 59.55002 lineto
0.76149 59.55002 0.44998 59.2202 0.44998 58.82217 curveto closepath fill
 0 setgray
newpath 0.44998 58.82217 moveto
0.44998 45.72716 lineto
0.44998 44.25018 lineto
0.44998 30.74982 lineto
0.44998 29.25018 lineto
0.44998 15.74982 lineto
0.44998 14.27216 lineto
0.44998 1.17714 lineto
0.44998 0.77934 0.76172 0.44998 1.15517 0.44998 curveto
13.84483 0.44998 lineto
14.24263 0.44998 14.55002 0.79353 14.55002 1.1998 curveto
14.55002 14.70016 lineto
14.55002 15.11421 14.88579 15.44998 15.29984 15.44998 curveto
28.8002 15.44998 lineto
29.20647 15.44998 29.55002 15.75737 29.55002 16.15517 curveto
29.55002 28.84483 lineto
29.55002 29.24263 29.20647 29.55002 28.8002 29.55002 curveto
15.29984 29.55002 lineto
14.88144 29.55002 14.55002 29.89998 14.55002 30.3225 curveto
14.55002 44.22752 lineto
14.55002 45.72784 lineto
14.55002 58.82286 lineto
14.55002 59.22066 14.23828 59.55002 13.84483 59.55002 curveto
1.15517 59.55002 lineto
0.76149 59.55002 0.44998 59.2202 0.44998 58.82217 curveto closepath stroke
 0.6 setgray
newpath 30.44998 103.82217 moveto
30.44998 90.72716 lineto
30.44998 89.25018 lineto
30.44998 75.74982 lineto
30.44998 74.25018 lineto
30.44998 60.74982 lineto
30.44998 59.27216 lineto
30.44998 46.17714 lineto
30.44998 45.77934 30.76172 45.44998 31.15517 45.44998 curveto
43.84483 45.44998 lineto
44.24263 45.44998 44.55002 45.79353 44.55002 46.1998 curveto
44.55002 59.70016 lineto
44.55002 60.11421 44.88579 60.44998 45.29984 60.44998 curveto
58.8002 60.44998 lineto
59.20647 60.44998 59.55002 60.75737 59.55002 61.15517 curveto
59.55002 73.84483 lineto
59.55002 74.24263 59.20647 74.55002 58.8002 74.55002 curveto
45.29984 74.55002 lineto
44.88144 74.55002 44.55002 74.89998 44.55002 75.3225 curveto
44.55002 89.22752 lineto
44.55002 90.72784 lineto
44.55002 103.82286 lineto
44.55002 104.22066 44.23828 104.55002 43.84483 104.55002 curveto
31.15517 104.55002 lineto
30.76149 104.55002 30.44998 104.2202 30.44998 103.82217 curveto closepath fill
 0 setgray
newpath 30.44998 103.82217 moveto
30.44998 90.72716 lineto
30.44998 89.25018 lineto
30.44998 75.74982 lineto
30.44998 74.25018 lineto
30.44998 60.74982 lineto
30.44998 59.27216 lineto
30.44998 46.17714 lineto
30.44998 45.77934 30.76172 45.44998 31.15517 45.44998 curveto
43.84483 45.44998 lineto
44.24263 45.44998 44.55002 45.79353 44.55002 46.1998 curveto
44.55002 59.70016 lineto
44.55002 60.11421 44.88579 60.44998 45.29984 60.44998 curveto
58.8002 60.44998 lineto
59.20647 60.44998 59.55002 60.75737 59.55002 61.15517 curveto
59.55002 73.84483 lineto
59.55002 74.24263 59.20647 74.55002 58.8002 74.55002 curveto
45.29984 74.55002 lineto
44.88144 74.55002 44.55002 74.89998 44.55002 75.3225 curveto
44.55002 89.22752 lineto
44.55002 90.72784 lineto
44.55002 103.82286 lineto
44.55002 104.22066 44.23828 104.55002 43.84483 104.55002 curveto
31.15517 104.55002 lineto
30.76149 104.55002 30.44998 104.2202 30.44998 103.82217 curveto closepath
 stroke
 0.95 setgray
newpath 75.44998 103.82217 moveto
75.44998 90.72716 lineto
75.44998 89.25018 lineto
75.44998 75.74982 lineto
75.44998 74.25018 lineto
75.44998 60.74982 lineto
75.44998 59.27216 lineto
75.44998 46.17714 lineto
75.44998 45.77934 75.76172 45.44998 76.15517 45.44998 curveto
88.84483 45.44998 lineto
89.24263 45.44998 89.55002 45.79353 89.55002 46.1998 curveto
89.55002 59.70016 lineto
89.55002 60.11421 89.88579 60.44998 90.29984 60.44998 curveto
103.8002 60.44998 lineto
104.20647 60.44998 104.55002 60.75737 104.55002 61.15517 curveto
104.55002 73.84483 lineto
104.55002 74.24263 104.20647 74.55002 103.8002 74.55002 curveto
90.29984 74.55002 lineto
89.88144 74.55002 89.55002 74.89998 89.55002 75.3225 curveto
89.55002 89.22752 lineto
89.55002 90.72784 lineto
89.55002 103.82286 lineto
89.55002 104.22066 89.23828 104.55002 88.84483 104.55002 curveto
76.15517 104.55002 lineto
75.76149 104.55002 75.44998 104.2202 75.44998 103.82217 curveto closepath fill
 0 setgray
newpath 75.44998 103.82217 moveto
75.44998 90.72716 lineto
75.44998 89.25018 lineto
75.44998 75.74982 lineto
75.44998 74.25018 lineto
75.44998 60.74982 lineto
75.44998 59.27216 lineto
75.44998 46.17714 lineto
75.44998 45.77934 75.76172 45.44998 76.15517 45.44998 curveto
88.84483 45.44998 lineto
89.24263 45.44998 89.55002 45.79353 89.55002 46.1998 curveto
89.55002 59.70016 lineto
89.55002 60.11421 89.88579 60.44998 90.29984 60.44998 curveto
103.8002 60.44998 lineto
104.20647 60.44998 104.55002 60.75737 104.55002 61.15517 curveto
104.55002 73.84483 lineto
104.55002 74.24263 104.20647 74.55002 103.8002 74.55002 curveto
90.29984 74.55002 lineto
89.88144 74.55002 89.55002 74.89998 89.55002 75.3225 curveto
89.55002 89.22752 lineto
89.55002 90.72784 lineto
89.55002 103.82286 lineto
89.55002 104.22066 89.23828 104.55002 88.84483 104.55002 curveto
76.15517 104.55002 lineto
75.76149 104.55002 75.44998 104.2202 75.44998 103.82217 curveto closepath
 stroke
 0.95 setgray
newpath 120.44998 118.82217 moveto
120.44998 105.72716 lineto
120.44998 104.25018 lineto
120.44998 90.74982 lineto
120.44998 89.25018 lineto
120.44998 75.74982 lineto
120.44998 74.27216 lineto
120.44998 61.17714 lineto
120.44998 60.77934 120.76172 60.44998 121.15517 60.44998 curveto
133.84483 60.44998 lineto
134.24263 60.44998 134.55002 60.79353 134.55002 61.1998 curveto
134.55002 74.70016 lineto
134.55002 75.11421 134.88579 75.44998 135.29984 75.44998 curveto
148.8002 75.44998 lineto
149.20647 75.44998 149.55002 75.75737 149.55002 76.15517 curveto
149.55002 88.84483 lineto
149.55002 89.24263 149.20647 89.55002 148.8002 89.55002 curveto
135.29984 89.55002 lineto
134.88144 89.55002 134.55002 89.89998 134.55002 90.3225 curveto
134.55002 104.22752 lineto
134.55002 105.72784 lineto
134.55002 118.82286 lineto
134.55002 119.22066 134.23828 119.55002 133.84483 119.55002 curveto
121.15517 119.55002 lineto
120.76149 119.55002 120.44998 119.2202 120.44998 118.82217 curveto closepath
 fill
 0 setgray
newpath 120.44998 118.82217 moveto
120.44998 105.72716 lineto
120.44998 104.25018 lineto
120.44998 90.74982 lineto
120.44998 89.25018 lineto
120.44998 75.74982 lineto
120.44998 74.27216 lineto
120.44998 61.17714 lineto
120.44998 60.77934 120.76172 60.44998 121.15517 60.44998 curveto
133.84483 60.44998 lineto
134.24263 60.44998 134.55002 60.79353 134.55002 61.1998 curveto
134.55002 74.70016 lineto
134.55002 75.11421 134.88579 75.44998 135.29984 75.44998 curveto
148.8002 75.44998 lineto
149.20647 75.44998 149.55002 75.75737 149.55002 76.15517 curveto
149.55002 88.84483 lineto
149.55002 89.24263 149.20647 89.55002 148.8002 89.55002 curveto
135.29984 89.55002 lineto
134.88144 89.55002 134.55002 89.89998 134.55002 90.3225 curveto
134.55002 104.22752 lineto
134.55002 105.72784 lineto
134.55002 118.82286 lineto
134.55002 119.22066 134.23828 119.55002 133.84483 119.55002 curveto
121.15517 119.55002 lineto
120.76149 119.55002 120.44998 119.2202 120.44998 118.82217 curveto closepath
 stroke
 0.6 setgray
newpath 135.44998 163.82217 moveto
135.44998 150.72716 lineto
135.44998 149.25018 lineto
135.44998 135.74982 lineto
135.44998 134.25018 lineto
135.44998 120.74982 lineto
135.44998 119.27216 lineto
135.44998 106.17714 lineto
135.44998 105.77934 135.76172 105.44998 136.15517 105.44998 curveto
148.84483 105.44998 lineto
149.24263 105.44998 149.55002 105.79353 149.55002 106.1998 curveto
149.55002 119.70016 lineto
149.55002 120.11421 149.88579 120.44998 150.29984 120.44998 curveto
163.8002 120.44998 lineto
164.20647 120.44998 164.55002 120.75737 164.55002 121.15517 curveto
164.55002 133.84483 lineto
164.55002 134.24263 164.20647 134.55002 163.8002 134.55002 curveto
150.29984 134.55002 lineto
149.88144 134.55002 149.55002 134.89998 149.55002 135.3225 curveto
149.55002 149.22752 lineto
149.55002 150.72784 lineto
149.55002 163.82286 lineto
149.55002 164.22066 149.23828 164.55002 148.84483 164.55002 curveto
136.15517 164.55002 lineto
135.76149 164.55002 135.44998 164.2202 135.44998 163.82217 curveto closepath
 fill
 0 setgray
newpath 135.44998 163.82217 moveto
135.44998 150.72716 lineto
135.44998 149.25018 lineto
135.44998 135.74982 lineto
135.44998 134.25018 lineto
135.44998 120.74982 lineto
135.44998 119.27216 lineto
135.44998 106.17714 lineto
135.44998 105.77934 135.76172 105.44998 136.15517 105.44998 curveto
148.84483 105.44998 lineto
149.24263 105.44998 149.55002 105.79353 149.55002 106.1998 curveto
149.55002 119.70016 lineto
149.55002 120.11421 149.88579 120.44998 150.29984 120.44998 curveto
163.8002 120.44998 lineto
164.20647 120.44998 164.55002 120.75737 164.55002 121.15517 curveto
164.55002 133.84483 lineto
164.55002 134.24263 164.20647 134.55002 163.8002 134.55002 curveto
150.29984 134.55002 lineto
149.88144 134.55002 149.55002 134.89998 149.55002 135.3225 curveto
149.55002 149.22752 lineto
149.55002 150.72784 lineto
149.55002 163.82286 lineto
149.55002 164.22066 149.23828 164.55002 148.84483 164.55002 curveto
136.15517 164.55002 lineto
135.76149 164.55002 135.44998 164.2202 135.44998 163.82217 curveto closepath
 stroke
 0.95 setgray
newpath 165.44998 178.82217 moveto
165.44998 165.72716 lineto
165.44998 164.25018 lineto
165.44998 150.74982 lineto
165.44998 149.25018 lineto
165.44998 135.74982 lineto
165.44998 134.27216 lineto
165.44998 121.17714 lineto
165.44998 120.77934 165.76172 120.44998 166.15517 120.44998 curveto
178.84483 120.44998 lineto
179.24263 120.44998 179.55002 120.79353 179.55002 121.1998 curveto
179.55002 134.70016 lineto
179.55002 135.11421 179.88579 135.44998 180.29984 135.44998 curveto
193.8002 135.44998 lineto
194.20647 135.44998 194.55002 135.75737 194.55002 136.15517 curveto
194.55002 148.84483 lineto
194.55002 149.24263 194.20647 149.55002 193.8002 149.55002 curveto
180.29984 149.55002 lineto
179.88144 149.55002 179.55002 149.89998 179.55002 150.3225 curveto
179.55002 164.22752 lineto
179.55002 165.72784 lineto
179.55002 178.82286 lineto
179.55002 179.22066 179.23828 179.55002 178.84483 179.55002 curveto
166.15517 179.55002 lineto
165.76149 179.55002 165.44998 179.2202 165.44998 178.82217 curveto closepath
 fill
 0 setgray
newpath 165.44998 178.82217 moveto
165.44998 165.72716 lineto
165.44998 164.25018 lineto
165.44998 150.74982 lineto
165.44998 149.25018 lineto
165.44998 135.74982 lineto
165.44998 134.27216 lineto
165.44998 121.17714 lineto
165.44998 120.77934 165.76172 120.44998 166.15517 120.44998 curveto
178.84483 120.44998 lineto
179.24263 120.44998 179.55002 120.79353 179.55002 121.1998 curveto
179.55002 134.70016 lineto
179.55002 135.11421 179.88579 135.44998 180.29984 135.44998 curveto
193.8002 135.44998 lineto
194.20647 135.44998 194.55002 135.75737 194.55002 136.15517 curveto
194.55002 148.84483 lineto
194.55002 149.24263 194.20647 149.55002 193.8002 149.55002 curveto
180.29984 149.55002 lineto
179.88144 149.55002 179.55002 149.89998 179.55002 150.3225 curveto
179.55002 164.22752 lineto
179.55002 165.72784 lineto
179.55002 178.82286 lineto
179.55002 179.22066 179.23828 179.55002 178.84483 179.55002 curveto
166.15517 179.55002 lineto
165.76149 179.55002 165.44998 179.2202 165.44998 178.82217 curveto closepath
 stroke
 0.95 setgray
newpath 165.44998 103.82217 moveto
165.44998 90.72716 lineto
165.44998 89.25018 lineto
165.44998 75.74982 lineto
165.44998 74.25018 lineto
165.44998 60.74982 lineto
165.44998 59.27216 lineto
165.44998 46.17714 lineto
165.44998 45.77934 165.76172 45.44998 166.15517 45.44998 curveto
178.84483 45.44998 lineto
179.24263 45.44998 179.55002 45.79353 179.55002 46.1998 curveto
179.55002 59.70016 lineto
179.55002 60.11421 179.88579 60.44998 180.29984 60.44998 curveto
193.8002 60.44998 lineto
194.20647 60.44998 194.55002 60.75737 194.55002 61.15517 curveto
194.55002 73.84483 lineto
194.55002 74.24263 194.20647 74.55002 193.8002 74.55002 curveto
180.29984 74.55002 lineto
179.88144 74.55002 179.55002 74.89998 179.55002 75.3225 curveto
179.55002 89.22752 lineto
179.55002 90.72784 lineto
179.55002 103.82286 lineto
179.55002 104.22066 179.23828 104.55002 178.84483 104.55002 curveto
166.15517 104.55002 lineto
165.76149 104.55002 165.44998 104.2202 165.44998 103.82217 curveto closepath
 fill
 0 setgray
newpath 165.44998 103.82217 moveto
165.44998 90.72716 lineto
165.44998 89.25018 lineto
165.44998 75.74982 lineto
165.44998 74.25018 lineto
165.44998 60.74982 lineto
165.44998 59.27216 lineto
165.44998 46.17714 lineto
165.44998 45.77934 165.76172 45.44998 166.15517 45.44998 curveto
178.84483 45.44998 lineto
179.24263 45.44998 179.55002 45.79353 179.55002 46.1998 curveto
179.55002 59.70016 lineto
179.55002 60.11421 179.88579 60.44998 180.29984 60.44998 curveto
193.8002 60.44998 lineto
194.20647 60.44998 194.55002 60.75737 194.55002 61.15517 curveto
194.55002 73.84483 lineto
194.55002 74.24263 194.20647 74.55002 193.8002 74.55002 curveto
180.29984 74.55002 lineto
179.88144 74.55002 179.55002 74.89998 179.55002 75.3225 curveto
179.55002 89.22752 lineto
179.55002 90.72784 lineto
179.55002 103.82286 lineto
179.55002 104.22066 179.23828 104.55002 178.84483 104.55002 curveto
166.15517 104.55002 lineto
165.76149 104.55002 165.44998 104.2202 165.44998 103.82217 curveto closepath
 stroke
 0.8 setgray
newpath 195.44998 178.82217 moveto
195.44998 165.72716 lineto
195.44998 164.25018 lineto
195.44998 150.74982 lineto
195.44998 149.25018 lineto
195.44998 135.74982 lineto
195.44998 134.27216 lineto
195.44998 121.17714 lineto
195.44998 120.77934 195.76172 120.44998 196.15517 120.44998 curveto
208.84483 120.44998 lineto
209.24263 120.44998 209.55002 120.79353 209.55002 121.1998 curveto
209.55002 134.70016 lineto
209.55002 135.11421 209.88579 135.44998 210.29984 135.44998 curveto
223.8002 135.44998 lineto
224.20647 135.44998 224.55002 135.75737 224.55002 136.15517 curveto
224.55002 148.84483 lineto
224.55002 149.24263 224.20647 149.55002 223.8002 149.55002 curveto
210.29984 149.55002 lineto
209.88144 149.55002 209.55002 149.89998 209.55002 150.3225 curveto
209.55002 164.22752 lineto
209.55002 165.72784 lineto
209.55002 178.82286 lineto
209.55002 179.22066 209.23828 179.55002 208.84483 179.55002 curveto
196.15517 179.55002 lineto
195.76149 179.55002 195.44998 179.2202 195.44998 178.82217 curveto closepath
 fill
 0 setgray
newpath 195.44998 178.82217 moveto
195.44998 165.72716 lineto
195.44998 164.25018 lineto
195.44998 150.74982 lineto
195.44998 149.25018 lineto
195.44998 135.74982 lineto
195.44998 134.27216 lineto
195.44998 121.17714 lineto
195.44998 120.77934 195.76172 120.44998 196.15517 120.44998 curveto
208.84483 120.44998 lineto
209.24263 120.44998 209.55002 120.79353 209.55002 121.1998 curveto
209.55002 134.70016 lineto
209.55002 135.11421 209.88579 135.44998 210.29984 135.44998 curveto
223.8002 135.44998 lineto
224.20647 135.44998 224.55002 135.75737 224.55002 136.15517 curveto
224.55002 148.84483 lineto
224.55002 149.24263 224.20647 149.55002 223.8002 149.55002 curveto
210.29984 149.55002 lineto
209.88144 149.55002 209.55002 149.89998 209.55002 150.3225 curveto
209.55002 164.22752 lineto
209.55002 165.72784 lineto
209.55002 178.82286 lineto
209.55002 179.22066 209.23828 179.55002 208.84483 179.55002 curveto
196.15517 179.55002 lineto
195.76149 179.55002 195.44998 179.2202 195.44998 178.82217 curveto closepath
 stroke
 0.6 setgray
newpath 195.44998 103.82217 moveto
195.44998 90.72716 lineto
195.44998 89.25018 lineto
195.44998 75.74982 lineto
195.44998 74.25018 lineto
195.44998 60.74982 lineto
195.44998 59.27216 lineto
195.44998 46.17714 lineto
195.44998 45.77934 195.76172 45.44998 196.15517 45.44998 curveto
208.84483 45.44998 lineto
209.24263 45.44998 209.55002 45.79353 209.55002 46.1998 curveto
209.55002 59.70016 lineto
209.55002 60.11421 209.88579 60.44998 210.29984 60.44998 curveto
223.8002 60.44998 lineto
224.20647 60.44998 224.55002 60.75737 224.55002 61.15517 curveto
224.55002 73.84483 lineto
224.55002 74.24263 224.20647 74.55002 223.8002 74.55002 curveto
210.29984 74.55002 lineto
209.88144 74.55002 209.55002 74.89998 209.55002 75.3225 curveto
209.55002 89.22752 lineto
209.55002 90.72784 lineto
209.55002 103.82286 lineto
209.55002 104.22066 209.23828 104.55002 208.84483 104.55002 curveto
196.15517 104.55002 lineto
195.76149 104.55002 195.44998 104.2202 195.44998 103.82217 curveto closepath
 fill
 0 setgray
newpath 195.44998 103.82217 moveto
195.44998 90.72716 lineto
195.44998 89.25018 lineto
195.44998 75.74982 lineto
195.44998 74.25018 lineto
195.44998 60.74982 lineto
195.44998 59.27216 lineto
195.44998 46.17714 lineto
195.44998 45.77934 195.76172 45.44998 196.15517 45.44998 curveto
208.84483 45.44998 lineto
209.24263 45.44998 209.55002 45.79353 209.55002 46.1998 curveto
209.55002 59.70016 lineto
209.55002 60.11421 209.88579 60.44998 210.29984 60.44998 curveto
223.8002 60.44998 lineto
224.20647 60.44998 224.55002 60.75737 224.55002 61.15517 curveto
224.55002 73.84483 lineto
224.55002 74.24263 224.20647 74.55002 223.8002 74.55002 curveto
210.29984 74.55002 lineto
209.88144 74.55002 209.55002 74.89998 209.55002 75.3225 curveto
209.55002 89.22752 lineto
209.55002 90.72784 lineto
209.55002 103.82286 lineto
209.55002 104.22066 209.23828 104.55002 208.84483 104.55002 curveto
196.15517 104.55002 lineto
195.76149 104.55002 195.44998 104.2202 195.44998 103.82217 curveto closepath
 stroke
 0.95 setgray
newpath 46.17783 195.44998 moveto
59.27284 195.44998 lineto
60.74982 195.44998 lineto
74.25018 195.44998 lineto
75.74982 195.44998 lineto
89.25018 195.44998 lineto
90.72784 195.44998 lineto
103.82286 195.44998 lineto
104.22066 195.44998 104.55002 195.76172 104.55002 196.15517 curveto
104.55002 208.84483 lineto
104.55002 209.24263 104.20647 209.55002 103.8002 209.55002 curveto
90.29984 209.55002 lineto
89.88579 209.55002 89.55002 209.88579 89.55002 210.29984 curveto
89.55002 223.8002 lineto
89.55002 224.20647 89.24263 224.55002 88.84483 224.55002 curveto
76.15517 224.55002 lineto
75.75737 224.55002 75.44998 224.20647 75.44998 223.8002 curveto
75.44998 210.29984 lineto
75.44998 209.88144 75.10002 209.55002 74.6775 209.55002 curveto
60.77248 209.55002 lineto
59.27216 209.55002 lineto
46.17714 209.55002 lineto
45.77934 209.55002 45.44998 209.23828 45.44998 208.84483 curveto
45.44998 196.15517 lineto
45.44998 195.76149 45.7798 195.44998 46.17783 195.44998 curveto closepath fill
 0 setgray
newpath 46.17783 195.44998 moveto
59.27284 195.44998 lineto
60.74982 195.44998 lineto
74.25018 195.44998 lineto
75.74982 195.44998 lineto
89.25018 195.44998 lineto
90.72784 195.44998 lineto
103.82286 195.44998 lineto
104.22066 195.44998 104.55002 195.76172 104.55002 196.15517 curveto
104.55002 208.84483 lineto
104.55002 209.24263 104.20647 209.55002 103.8002 209.55002 curveto
90.29984 209.55002 lineto
89.88579 209.55002 89.55002 209.88579 89.55002 210.29984 curveto
89.55002 223.8002 lineto
89.55002 224.20647 89.24263 224.55002 88.84483 224.55002 curveto
76.15517 224.55002 lineto
75.75737 224.55002 75.44998 224.20647 75.44998 223.8002 curveto
75.44998 210.29984 lineto
75.44998 209.88144 75.10002 209.55002 74.6775 209.55002 curveto
60.77248 209.55002 lineto
59.27216 209.55002 lineto
46.17714 209.55002 lineto
45.77934 209.55002 45.44998 209.23828 45.44998 208.84483 curveto
45.44998 196.15517 lineto
45.44998 195.76149 45.7798 195.44998 46.17783 195.44998 curveto closepath
 stroke
 0.3 setgray
newpath 121.17783 195.44998 moveto
134.27284 195.44998 lineto
135.74982 195.44998 lineto
149.25018 195.44998 lineto
150.74982 195.44998 lineto
164.25018 195.44998 lineto
165.72784 195.44998 lineto
178.82286 195.44998 lineto
179.22066 195.44998 179.55002 195.76172 179.55002 196.15517 curveto
179.55002 208.84483 lineto
179.55002 209.24263 179.20647 209.55002 178.8002 209.55002 curveto
165.29984 209.55002 lineto
164.88579 209.55002 164.55002 209.88579 164.55002 210.29984 curveto
164.55002 223.8002 lineto
164.55002 224.20647 164.24263 224.55002 163.84483 224.55002 curveto
151.15517 224.55002 lineto
150.75737 224.55002 150.44998 224.20647 150.44998 223.8002 curveto
150.44998 210.29984 lineto
150.44998 209.88144 150.10002 209.55002 149.6775 209.55002 curveto
135.77248 209.55002 lineto
134.27216 209.55002 lineto
121.17714 209.55002 lineto
120.77934 209.55002 120.44998 209.23828 120.44998 208.84483 curveto
120.44998 196.15517 lineto
120.44998 195.76149 120.7798 195.44998 121.17783 195.44998 curveto closepath
 fill
 0 setgray
newpath 121.17783 195.44998 moveto
134.27284 195.44998 lineto
135.74982 195.44998 lineto
149.25018 195.44998 lineto
150.74982 195.44998 lineto
164.25018 195.44998 lineto
165.72784 195.44998 lineto
178.82286 195.44998 lineto
179.22066 195.44998 179.55002 195.76172 179.55002 196.15517 curveto
179.55002 208.84483 lineto
179.55002 209.24263 179.20647 209.55002 178.8002 209.55002 curveto
165.29984 209.55002 lineto
164.88579 209.55002 164.55002 209.88579 164.55002 210.29984 curveto
164.55002 223.8002 lineto
164.55002 224.20647 164.24263 224.55002 163.84483 224.55002 curveto
151.15517 224.55002 lineto
150.75737 224.55002 150.44998 224.20647 150.44998 223.8002 curveto
150.44998 210.29984 lineto
150.44998 209.88144 150.10002 209.55002 149.6775 209.55002 curveto
135.77248 209.55002 lineto
134.27216 209.55002 lineto
121.17714 209.55002 lineto
120.77934 209.55002 120.44998 209.23828 120.44998 208.84483 curveto
120.44998 196.15517 lineto
120.44998 195.76149 120.7798 195.44998 121.17783 195.44998 curveto closepath
 stroke
 0.3 setgray
newpath 46.17783 165.44998 moveto
59.27284 165.44998 lineto
60.74982 165.44998 lineto
74.25018 165.44998 lineto
75.74982 165.44998 lineto
89.25018 165.44998 lineto
90.72784 165.44998 lineto
103.82286 165.44998 lineto
104.22066 165.44998 104.55002 165.76172 104.55002 166.15517 curveto
104.55002 178.84483 lineto
104.55002 179.24263 104.20647 179.55002 103.8002 179.55002 curveto
90.29984 179.55002 lineto
89.88579 179.55002 89.55002 179.88579 89.55002 180.29984 curveto
89.55002 193.8002 lineto
89.55002 194.20647 89.24263 194.55002 88.84483 194.55002 curveto
76.15517 194.55002 lineto
75.75737 194.55002 75.44998 194.20647 75.44998 193.8002 curveto
75.44998 180.29984 lineto
75.44998 179.88144 75.10002 179.55002 74.6775 179.55002 curveto
60.77248 179.55002 lineto
59.27216 179.55002 lineto
46.17714 179.55002 lineto
45.77934 179.55002 45.44998 179.23828 45.44998 178.84483 curveto
45.44998 166.15517 lineto
45.44998 165.76149 45.7798 165.44998 46.17783 165.44998 curveto closepath fill
 0 setgray
newpath 46.17783 165.44998 moveto
59.27284 165.44998 lineto
60.74982 165.44998 lineto
74.25018 165.44998 lineto
75.74982 165.44998 lineto
89.25018 165.44998 lineto
90.72784 165.44998 lineto
103.82286 165.44998 lineto
104.22066 165.44998 104.55002 165.76172 104.55002 166.15517 curveto
104.55002 178.84483 lineto
104.55002 179.24263 104.20647 179.55002 103.8002 179.55002 curveto
90.29984 179.55002 lineto
89.88579 179.55002 89.55002 179.88579 89.55002 180.29984 curveto
89.55002 193.8002 lineto
89.55002 194.20647 89.24263 194.55002 88.84483 194.55002 curveto
76.15517 194.55002 lineto
75.75737 194.55002 75.44998 194.20647 75.44998 193.8002 curveto
75.44998 180.29984 lineto
75.44998 179.88144 75.10002 179.55002 74.6775 179.55002 curveto
60.77248 179.55002 lineto
59.27216 179.55002 lineto
46.17714 179.55002 lineto
45.77934 179.55002 45.44998 179.23828 45.44998 178.84483 curveto
45.44998 166.15517 lineto
45.44998 165.76149 45.7798 165.44998 46.17783 165.44998 curveto closepath
 stroke
 0.3 setgray
newpath 31.17783 120.44998 moveto
44.27284 120.44998 lineto
45.74982 120.44998 lineto
59.25018 120.44998 lineto
60.74982 120.44998 lineto
74.25018 120.44998 lineto
75.72784 120.44998 lineto
88.82286 120.44998 lineto
89.22066 120.44998 89.55002 120.76172 89.55002 121.15517 curveto
89.55002 133.84483 lineto
89.55002 134.24263 89.20647 134.55002 88.8002 134.55002 curveto
75.29984 134.55002 lineto
74.88579 134.55002 74.55002 134.88579 74.55002 135.29984 curveto
74.55002 148.8002 lineto
74.55002 149.20647 74.24263 149.55002 73.84483 149.55002 curveto
61.15517 149.55002 lineto
60.75737 149.55002 60.44998 149.20647 60.44998 148.8002 curveto
60.44998 135.29984 lineto
60.44998 134.88144 60.10002 134.55002 59.6775 134.55002 curveto
45.77248 134.55002 lineto
44.27216 134.55002 lineto
31.17714 134.55002 lineto
30.77934 134.55002 30.44998 134.23828 30.44998 133.84483 curveto
30.44998 121.15517 lineto
30.44998 120.76149 30.7798 120.44998 31.17783 120.44998 curveto closepath fill
 0 setgray
newpath 31.17783 120.44998 moveto
44.27284 120.44998 lineto
45.74982 120.44998 lineto
59.25018 120.44998 lineto
60.74982 120.44998 lineto
74.25018 120.44998 lineto
75.72784 120.44998 lineto
88.82286 120.44998 lineto
89.22066 120.44998 89.55002 120.76172 89.55002 121.15517 curveto
89.55002 133.84483 lineto
89.55002 134.24263 89.20647 134.55002 88.8002 134.55002 curveto
75.29984 134.55002 lineto
74.88579 134.55002 74.55002 134.88579 74.55002 135.29984 curveto
74.55002 148.8002 lineto
74.55002 149.20647 74.24263 149.55002 73.84483 149.55002 curveto
61.15517 149.55002 lineto
60.75737 149.55002 60.44998 149.20647 60.44998 148.8002 curveto
60.44998 135.29984 lineto
60.44998 134.88144 60.10002 134.55002 59.6775 134.55002 curveto
45.77248 134.55002 lineto
44.27216 134.55002 lineto
31.17714 134.55002 lineto
30.77934 134.55002 30.44998 134.23828 30.44998 133.84483 curveto
30.44998 121.15517 lineto
30.44998 120.76149 30.7798 120.44998 31.17783 120.44998 curveto closepath
 stroke
 0.3 setgray
newpath 106.17783 45.44998 moveto
119.27284 45.44998 lineto
120.74982 45.44998 lineto
134.25018 45.44998 lineto
135.74982 45.44998 lineto
149.25018 45.44998 lineto
150.72784 45.44998 lineto
163.82286 45.44998 lineto
164.22066 45.44998 164.55002 45.76172 164.55002 46.15517 curveto
164.55002 58.84483 lineto
164.55002 59.24263 164.20647 59.55002 163.8002 59.55002 curveto
150.29984 59.55002 lineto
149.88579 59.55002 149.55002 59.88579 149.55002 60.29984 curveto
149.55002 73.8002 lineto
149.55002 74.20647 149.24263 74.55002 148.84483 74.55002 curveto
136.15517 74.55002 lineto
135.75737 74.55002 135.44998 74.20647 135.44998 73.8002 curveto
135.44998 60.29984 lineto
135.44998 59.88144 135.10002 59.55002 134.6775 59.55002 curveto
120.77248 59.55002 lineto
119.27216 59.55002 lineto
106.17714 59.55002 lineto
105.77934 59.55002 105.44998 59.23828 105.44998 58.84483 curveto
105.44998 46.15517 lineto
105.44998 45.76149 105.7798 45.44998 106.17783 45.44998 curveto closepath fill
 0 setgray
newpath 106.17783 45.44998 moveto
119.27284 45.44998 lineto
120.74982 45.44998 lineto
134.25018 45.44998 lineto
135.74982 45.44998 lineto
149.25018 45.44998 lineto
150.72784 45.44998 lineto
163.82286 45.44998 lineto
164.22066 45.44998 164.55002 45.76172 164.55002 46.15517 curveto
164.55002 58.84483 lineto
164.55002 59.24263 164.20647 59.55002 163.8002 59.55002 curveto
150.29984 59.55002 lineto
149.88579 59.55002 149.55002 59.88579 149.55002 60.29984 curveto
149.55002 73.8002 lineto
149.55002 74.20647 149.24263 74.55002 148.84483 74.55002 curveto
136.15517 74.55002 lineto
135.75737 74.55002 135.44998 74.20647 135.44998 73.8002 curveto
135.44998 60.29984 lineto
135.44998 59.88144 135.10002 59.55002 134.6775 59.55002 curveto
120.77248 59.55002 lineto
119.27216 59.55002 lineto
106.17714 59.55002 lineto
105.77934 59.55002 105.44998 59.23828 105.44998 58.84483 curveto
105.44998 46.15517 lineto
105.44998 45.76149 105.7798 45.44998 106.17783 45.44998 curveto closepath
 stroke
 0.8 setgray
newpath 16.17783 30.44998 moveto
29.27284 30.44998 lineto
30.74982 30.44998 lineto
44.25018 30.44998 lineto
45.74982 30.44998 lineto
59.25018 30.44998 lineto
60.72784 30.44998 lineto
73.82286 30.44998 lineto
74.22066 30.44998 74.55002 30.76172 74.55002 31.15517 curveto
74.55002 43.84483 lineto
74.55002 44.24263 74.20647 44.55002 73.8002 44.55002 curveto
60.29984 44.55002 lineto
59.88579 44.55002 59.55002 44.88579 59.55002 45.29984 curveto
59.55002 58.8002 lineto
59.55002 59.20647 59.24263 59.55002 58.84483 59.55002 curveto
46.15517 59.55002 lineto
45.75737 59.55002 45.44998 59.20647 45.44998 58.8002 curveto
45.44998 45.29984 lineto
45.44998 44.88144 45.10002 44.55002 44.6775 44.55002 curveto
30.77248 44.55002 lineto
29.27216 44.55002 lineto
16.17714 44.55002 lineto
15.77934 44.55002 15.44998 44.23828 15.44998 43.84483 curveto
15.44998 31.15517 lineto
15.44998 30.76149 15.7798 30.44998 16.17783 30.44998 curveto closepath fill
 0 setgray
newpath 16.17783 30.44998 moveto
29.27284 30.44998 lineto
30.74982 30.44998 lineto
44.25018 30.44998 lineto
45.74982 30.44998 lineto
59.25018 30.44998 lineto
60.72784 30.44998 lineto
73.82286 30.44998 lineto
74.22066 30.44998 74.55002 30.76172 74.55002 31.15517 curveto
74.55002 43.84483 lineto
74.55002 44.24263 74.20647 44.55002 73.8002 44.55002 curveto
60.29984 44.55002 lineto
59.88579 44.55002 59.55002 44.88579 59.55002 45.29984 curveto
59.55002 58.8002 lineto
59.55002 59.20647 59.24263 59.55002 58.84483 59.55002 curveto
46.15517 59.55002 lineto
45.75737 59.55002 45.44998 59.20647 45.44998 58.8002 curveto
45.44998 45.29984 lineto
45.44998 44.88144 45.10002 44.55002 44.6775 44.55002 curveto
30.77248 44.55002 lineto
29.27216 44.55002 lineto
16.17714 44.55002 lineto
15.77934 44.55002 15.44998 44.23828 15.44998 43.84483 curveto
15.44998 31.15517 lineto
15.44998 30.76149 15.7798 30.44998 16.17783 30.44998 curveto closepath stroke
 0.8 setgray
newpath 151.17783 30.44998 moveto
164.27284 30.44998 lineto
165.74982 30.44998 lineto
179.25018 30.44998 lineto
180.74982 30.44998 lineto
194.25018 30.44998 lineto
195.72784 30.44998 lineto
208.82286 30.44998 lineto
209.22066 30.44998 209.55002 30.76172 209.55002 31.15517 curveto
209.55002 43.84483 lineto
209.55002 44.24263 209.20647 44.55002 208.8002 44.55002 curveto
195.29984 44.55002 lineto
194.88579 44.55002 194.55002 44.88579 194.55002 45.29984 curveto
194.55002 58.8002 lineto
194.55002 59.20647 194.24263 59.55002 193.84483 59.55002 curveto
181.15517 59.55002 lineto
180.75737 59.55002 180.44998 59.20647 180.44998 58.8002 curveto
180.44998 45.29984 lineto
180.44998 44.88144 180.10002 44.55002 179.6775 44.55002 curveto
165.77248 44.55002 lineto
164.27216 44.55002 lineto
151.17714 44.55002 lineto
150.77934 44.55002 150.44998 44.23828 150.44998 43.84483 curveto
150.44998 31.15517 lineto
150.44998 30.76149 150.7798 30.44998 151.17783 30.44998 curveto closepath fill
 0 setgray
newpath 151.17783 30.44998 moveto
164.27284 30.44998 lineto
165.74982 30.44998 lineto
179.25018 30.44998 lineto
180.74982 30.44998 lineto
194.25018 30.44998 lineto
195.72784 30.44998 lineto
208.82286 30.44998 lineto
209.22066 30.44998 209.55002 30.76172 209.55002 31.15517 curveto
209.55002 43.84483 lineto
209.55002 44.24263 209.20647 44.55002 208.8002 44.55002 curveto
195.29984 44.55002 lineto
194.88579 44.55002 194.55002 44.88579 194.55002 45.29984 curveto
194.55002 58.8002 lineto
194.55002 59.20647 194.24263 59.55002 193.84483 59.55002 curveto
181.15517 59.55002 lineto
180.75737 59.55002 180.44998 59.20647 180.44998 58.8002 curveto
180.44998 45.29984 lineto
180.44998 44.88144 180.10002 44.55002 179.6775 44.55002 curveto
165.77248 44.55002 lineto
164.27216 44.55002 lineto
151.17714 44.55002 lineto
150.77934 44.55002 150.44998 44.23828 150.44998 43.84483 curveto
150.44998 31.15517 lineto
150.44998 30.76149 150.7798 30.44998 151.17783 30.44998 curveto closepath
 stroke
 0.6 setgray
newpath 151.17783 0.44998 moveto
164.27284 0.44998 lineto
165.74982 0.44998 lineto
179.25018 0.44998 lineto
180.74982 0.44998 lineto
194.25018 0.44998 lineto
195.72784 0.44998 lineto
208.82286 0.44998 lineto
209.22066 0.44998 209.55002 0.76172 209.55002 1.15517 curveto
209.55002 13.84483 lineto
209.55002 14.24263 209.20647 14.55002 208.8002 14.55002 curveto
195.29984 14.55002 lineto
194.88579 14.55002 194.55002 14.88579 194.55002 15.29984 curveto
194.55002 28.8002 lineto
194.55002 29.20647 194.24263 29.55002 193.84483 29.55002 curveto
181.15517 29.55002 lineto
180.75737 29.55002 180.44998 29.20647 180.44998 28.8002 curveto
180.44998 15.29984 lineto
180.44998 14.88144 180.10002 14.55002 179.6775 14.55002 curveto
165.77248 14.55002 lineto
164.27216 14.55002 lineto
151.17714 14.55002 lineto
150.77934 14.55002 150.44998 14.23828 150.44998 13.84483 curveto
150.44998 1.15517 lineto
150.44998 0.76149 150.7798 0.44998 151.17783 0.44998 curveto closepath fill
 0 setgray
newpath 151.17783 0.44998 moveto
164.27284 0.44998 lineto
165.74982 0.44998 lineto
179.25018 0.44998 lineto
180.74982 0.44998 lineto
194.25018 0.44998 lineto
195.72784 0.44998 lineto
208.82286 0.44998 lineto
209.22066 0.44998 209.55002 0.76172 209.55002 1.15517 curveto
209.55002 13.84483 lineto
209.55002 14.24263 209.20647 14.55002 208.8002 14.55002 curveto
195.29984 14.55002 lineto
194.88579 14.55002 194.55002 14.88579 194.55002 15.29984 curveto
194.55002 28.8002 lineto
194.55002 29.20647 194.24263 29.55002 193.84483 29.55002 curveto
181.15517 29.55002 lineto
180.75737 29.55002 180.44998 29.20647 180.44998 28.8002 curveto
180.44998 15.29984 lineto
180.44998 14.88144 180.10002 14.55002 179.6775 14.55002 curveto
165.77248 14.55002 lineto
164.27216 14.55002 lineto
151.17714 14.55002 lineto
150.77934 14.55002 150.44998 14.23828 150.44998 13.84483 curveto
150.44998 1.15517 lineto
150.44998 0.76149 150.7798 0.44998 151.17783 0.44998 curveto closepath stroke
 0.95 setgray
newpath 180.77248 210.44998 moveto
194.6775 210.44998 lineto
195.10002 210.44998 195.44998 210.11856 195.44998 209.70016 curveto
195.44998 196.1998 lineto
195.44998 195.79353 195.75737 195.44998 196.15517 195.44998 curveto
208.84483 195.44998 lineto
209.24263 195.44998 209.55002 195.79353 209.55002 196.1998 curveto
209.55002 209.70016 lineto
209.55002 210.11421 209.88579 210.44998 210.29984 210.44998 curveto
223.8002 210.44998 lineto
224.20647 210.44998 224.55002 210.75737 224.55002 211.15517 curveto
224.55002 223.84483 lineto
224.55002 224.23851 224.2202 224.55002 223.82217 224.55002 curveto
210.72716 224.55002 lineto
209.25018 224.55002 lineto
195.74982 224.55002 lineto
194.25018 224.55002 lineto
180.74982 224.55002 lineto
179.27216 224.55002 lineto
166.17714 224.55002 lineto
165.77934 224.55002 165.44998 224.23828 165.44998 223.84483 curveto
165.44998 211.15517 lineto
165.44998 210.76149 165.7798 210.44998 166.17783 210.44998 curveto
179.27284 210.44998 lineto
 closepath fill
 0 setgray
newpath 180.77248 210.44998 moveto
194.6775 210.44998 lineto
195.10002 210.44998 195.44998 210.11856 195.44998 209.70016 curveto
195.44998 196.1998 lineto
195.44998 195.79353 195.75737 195.44998 196.15517 195.44998 curveto
208.84483 195.44998 lineto
209.24263 195.44998 209.55002 195.79353 209.55002 196.1998 curveto
209.55002 209.70016 lineto
209.55002 210.11421 209.88579 210.44998 210.29984 210.44998 curveto
223.8002 210.44998 lineto
224.20647 210.44998 224.55002 210.75737 224.55002 211.15517 curveto
224.55002 223.84483 lineto
224.55002 224.23851 224.2202 224.55002 223.82217 224.55002 curveto
210.72716 224.55002 lineto
209.25018 224.55002 lineto
195.74982 224.55002 lineto
194.25018 224.55002 lineto
180.74982 224.55002 lineto
179.27216 224.55002 lineto
166.17714 224.55002 lineto
165.77934 224.55002 165.44998 224.23828 165.44998 223.84483 curveto
165.44998 211.15517 lineto
165.44998 210.76149 165.7798 210.44998 166.17783 210.44998 curveto
179.27284 210.44998 lineto
 closepath stroke
 0.3 setgray
newpath 60.77248 15.44998 moveto
74.6775 15.44998 lineto
75.10002 15.44998 75.44998 15.11856 75.44998 14.70016 curveto
75.44998 1.1998 lineto
75.44998 0.79353 75.75737 0.44998 76.15517 0.44998 curveto
88.84483 0.44998 lineto
89.24263 0.44998 89.55002 0.79353 89.55002 1.1998 curveto
89.55002 14.70016 lineto
89.55002 15.11421 89.88579 15.44998 90.29984 15.44998 curveto
103.8002 15.44998 lineto
104.20647 15.44998 104.55002 15.75737 104.55002 16.15517 curveto
104.55002 28.84483 lineto
104.55002 29.23851 104.2202 29.55002 103.82217 29.55002 curveto
90.72716 29.55002 lineto
89.25018 29.55002 lineto
75.74982 29.55002 lineto
74.25018 29.55002 lineto
60.74982 29.55002 lineto
59.27216 29.55002 lineto
46.17714 29.55002 lineto
45.77934 29.55002 45.44998 29.23828 45.44998 28.84483 curveto
45.44998 16.15517 lineto
45.44998 15.76149 45.7798 15.44998 46.17783 15.44998 curveto
59.27284 15.44998 lineto
 closepath fill
 0 setgray
newpath 60.77248 15.44998 moveto
74.6775 15.44998 lineto
75.10002 15.44998 75.44998 15.11856 75.44998 14.70016 curveto
75.44998 1.1998 lineto
75.44998 0.79353 75.75737 0.44998 76.15517 0.44998 curveto
88.84483 0.44998 lineto
89.24263 0.44998 89.55002 0.79353 89.55002 1.1998 curveto
89.55002 14.70016 lineto
89.55002 15.11421 89.88579 15.44998 90.29984 15.44998 curveto
103.8002 15.44998 lineto
104.20647 15.44998 104.55002 15.75737 104.55002 16.15517 curveto
104.55002 28.84483 lineto
104.55002 29.23851 104.2202 29.55002 103.82217 29.55002 curveto
90.72716 29.55002 lineto
89.25018 29.55002 lineto
75.74982 29.55002 lineto
74.25018 29.55002 lineto
60.74982 29.55002 lineto
59.27216 29.55002 lineto
46.17714 29.55002 lineto
45.77934 29.55002 45.44998 29.23828 45.44998 28.84483 curveto
45.44998 16.15517 lineto
45.44998 15.76149 45.7798 15.44998 46.17783 15.44998 curveto
59.27284 15.44998 lineto
 closepath stroke
 0.95 setgray
newpath 14.55002 180.77248 moveto
14.55002 194.6775 lineto
14.55002 195.10002 14.88144 195.44998 15.29984 195.44998 curveto
28.8002 195.44998 lineto
29.20647 195.44998 29.55002 195.75737 29.55002 196.15517 curveto
29.55002 208.84483 lineto
29.55002 209.24263 29.20647 209.55002 28.8002 209.55002 curveto
15.29984 209.55002 lineto
14.88579 209.55002 14.55002 209.88579 14.55002 210.29984 curveto
14.55002 223.8002 lineto
14.55002 224.20647 14.24263 224.55002 13.84483 224.55002 curveto
1.15517 224.55002 lineto
0.76149 224.55002 0.44998 224.2202 0.44998 223.82217 curveto
0.44998 210.72716 lineto
0.44998 209.25018 lineto
0.44998 195.74982 lineto
0.44998 194.25018 lineto
0.44998 180.74982 lineto
0.44998 179.27216 lineto
0.44998 166.17714 lineto
0.44998 165.77934 0.76172 165.44998 1.15517 165.44998 curveto
13.84483 165.44998 lineto
14.23851 165.44998 14.55002 165.7798 14.55002 166.17783 curveto
14.55002 179.27284 lineto
 closepath fill
 0 setgray
newpath 14.55002 180.77248 moveto
14.55002 194.6775 lineto
14.55002 195.10002 14.88144 195.44998 15.29984 195.44998 curveto
28.8002 195.44998 lineto
29.20647 195.44998 29.55002 195.75737 29.55002 196.15517 curveto
29.55002 208.84483 lineto
29.55002 209.24263 29.20647 209.55002 28.8002 209.55002 curveto
15.29984 209.55002 lineto
14.88579 209.55002 14.55002 209.88579 14.55002 210.29984 curveto
14.55002 223.8002 lineto
14.55002 224.20647 14.24263 224.55002 13.84483 224.55002 curveto
1.15517 224.55002 lineto
0.76149 224.55002 0.44998 224.2202 0.44998 223.82217 curveto
0.44998 210.72716 lineto
0.44998 209.25018 lineto
0.44998 195.74982 lineto
0.44998 194.25018 lineto
0.44998 180.74982 lineto
0.44998 179.27216 lineto
0.44998 166.17714 lineto
0.44998 165.77934 0.76172 165.44998 1.15517 165.44998 curveto
13.84483 165.44998 lineto
14.23851 165.44998 14.55002 165.7798 14.55002 166.17783 curveto
14.55002 179.27284 lineto
 closepath stroke
 0.95 setgray
newpath 14.55002 90.77248 moveto
14.55002 104.6775 lineto
14.55002 105.10002 14.88144 105.44998 15.29984 105.44998 curveto
28.8002 105.44998 lineto
29.20647 105.44998 29.55002 105.75737 29.55002 106.15517 curveto
29.55002 118.84483 lineto
29.55002 119.24263 29.20647 119.55002 28.8002 119.55002 curveto
15.29984 119.55002 lineto
14.88579 119.55002 14.55002 119.88579 14.55002 120.29984 curveto
14.55002 133.8002 lineto
14.55002 134.20647 14.24263 134.55002 13.84483 134.55002 curveto
1.15517 134.55002 lineto
0.76149 134.55002 0.44998 134.2202 0.44998 133.82217 curveto
0.44998 120.72716 lineto
0.44998 119.25018 lineto
0.44998 105.74982 lineto
0.44998 104.25018 lineto
0.44998 90.74982 lineto
0.44998 89.27216 lineto
0.44998 76.17714 lineto
0.44998 75.77934 0.76172 75.44998 1.15517 75.44998 curveto
13.84483 75.44998 lineto
14.23851 75.44998 14.55002 75.7798 14.55002 76.17783 curveto
14.55002 89.27284 lineto
 closepath fill
 0 setgray
newpath 14.55002 90.77248 moveto
14.55002 104.6775 lineto
14.55002 105.10002 14.88144 105.44998 15.29984 105.44998 curveto
28.8002 105.44998 lineto
29.20647 105.44998 29.55002 105.75737 29.55002 106.15517 curveto
29.55002 118.84483 lineto
29.55002 119.24263 29.20647 119.55002 28.8002 119.55002 curveto
15.29984 119.55002 lineto
14.88579 119.55002 14.55002 119.88579 14.55002 120.29984 curveto
14.55002 133.8002 lineto
14.55002 134.20647 14.24263 134.55002 13.84483 134.55002 curveto
1.15517 134.55002 lineto
0.76149 134.55002 0.44998 134.2202 0.44998 133.82217 curveto
0.44998 120.72716 lineto
0.44998 119.25018 lineto
0.44998 105.74982 lineto
0.44998 104.25018 lineto
0.44998 90.74982 lineto
0.44998 89.27216 lineto
0.44998 76.17714 lineto
0.44998 75.77934 0.76172 75.44998 1.15517 75.44998 curveto
13.84483 75.44998 lineto
14.23851 75.44998 14.55002 75.7798 14.55002 76.17783 curveto
14.55002 89.27284 lineto
 closepath stroke
 0.6 setgray
newpath 104.55002 105.77248 moveto
104.55002 119.6775 lineto
104.55002 120.10002 104.88144 120.44998 105.29984 120.44998 curveto
118.8002 120.44998 lineto
119.20647 120.44998 119.55002 120.75737 119.55002 121.15517 curveto
119.55002 133.84483 lineto
119.55002 134.24263 119.20647 134.55002 118.8002 134.55002 curveto
105.29984 134.55002 lineto
104.88579 134.55002 104.55002 134.88579 104.55002 135.29984 curveto
104.55002 148.8002 lineto
104.55002 149.20647 104.24263 149.55002 103.84483 149.55002 curveto
91.15517 149.55002 lineto
90.76149 149.55002 90.44998 149.2202 90.44998 148.82217 curveto
90.44998 135.72716 lineto
90.44998 134.25018 lineto
90.44998 120.74982 lineto
90.44998 119.25018 lineto
90.44998 105.74982 lineto
90.44998 104.27216 lineto
90.44998 91.17714 lineto
90.44998 90.77934 90.76172 90.44998 91.15517 90.44998 curveto
103.84483 90.44998 lineto
104.23851 90.44998 104.55002 90.7798 104.55002 91.17783 curveto
104.55002 104.27284 lineto
 closepath fill
 0 setgray
newpath 104.55002 105.77248 moveto
104.55002 119.6775 lineto
104.55002 120.10002 104.88144 120.44998 105.29984 120.44998 curveto
118.8002 120.44998 lineto
119.20647 120.44998 119.55002 120.75737 119.55002 121.15517 curveto
119.55002 133.84483 lineto
119.55002 134.24263 119.20647 134.55002 118.8002 134.55002 curveto
105.29984 134.55002 lineto
104.88579 134.55002 104.55002 134.88579 104.55002 135.29984 curveto
104.55002 148.8002 lineto
104.55002 149.20647 104.24263 149.55002 103.84483 149.55002 curveto
91.15517 149.55002 lineto
90.76149 149.55002 90.44998 149.2202 90.44998 148.82217 curveto
90.44998 135.72716 lineto
90.44998 134.25018 lineto
90.44998 120.74982 lineto
90.44998 119.25018 lineto
90.44998 105.74982 lineto
90.44998 104.27216 lineto
90.44998 91.17714 lineto
90.44998 90.77934 90.76172 90.44998 91.15517 90.44998 curveto
103.84483 90.44998 lineto
104.23851 90.44998 104.55002 90.7798 104.55002 91.17783 curveto
104.55002 104.27284 lineto
 closepath stroke
 0.8 setgray
newpath 44.22752 164.55002 moveto
30.3225 164.55002 lineto
29.89998 164.55002 29.55002 164.88144 29.55002 165.29984 curveto
29.55002 178.8002 lineto
29.55002 179.20647 29.24263 179.55002 28.84483 179.55002 curveto
16.15517 179.55002 lineto
15.75737 179.55002 15.44998 179.20647 15.44998 178.8002 curveto
15.44998 165.29984 lineto
15.44998 164.88579 15.11421 164.55002 14.70016 164.55002 curveto
1.1998 164.55002 lineto
0.79353 164.55002 0.44998 164.24263 0.44998 163.84483 curveto
0.44998 151.15517 lineto
0.44998 150.76149 0.7798 150.44998 1.17783 150.44998 curveto
14.27284 150.44998 lineto
15.74982 150.44998 lineto
29.25018 150.44998 lineto
30.74982 150.44998 lineto
44.25018 150.44998 lineto
45.72784 150.44998 lineto
58.82286 150.44998 lineto
59.22066 150.44998 59.55002 150.76172 59.55002 151.15517 curveto
59.55002 163.84483 lineto
59.55002 164.23851 59.2202 164.55002 58.82217 164.55002 curveto
45.72716 164.55002 lineto
 closepath fill
 0 setgray
newpath 44.22752 164.55002 moveto
30.3225 164.55002 lineto
29.89998 164.55002 29.55002 164.88144 29.55002 165.29984 curveto
29.55002 178.8002 lineto
29.55002 179.20647 29.24263 179.55002 28.84483 179.55002 curveto
16.15517 179.55002 lineto
15.75737 179.55002 15.44998 179.20647 15.44998 178.8002 curveto
15.44998 165.29984 lineto
15.44998 164.88579 15.11421 164.55002 14.70016 164.55002 curveto
1.1998 164.55002 lineto
0.79353 164.55002 0.44998 164.24263 0.44998 163.84483 curveto
0.44998 151.15517 lineto
0.44998 150.76149 0.7798 150.44998 1.17783 150.44998 curveto
14.27284 150.44998 lineto
15.74982 150.44998 lineto
29.25018 150.44998 lineto
30.74982 150.44998 lineto
44.25018 150.44998 lineto
45.72784 150.44998 lineto
58.82286 150.44998 lineto
59.22066 150.44998 59.55002 150.76172 59.55002 151.15517 curveto
59.55002 163.84483 lineto
59.55002 164.23851 59.2202 164.55002 58.82217 164.55002 curveto
45.72716 164.55002 lineto
 closepath stroke
 0.6 setgray
newpath 119.22752 44.55002 moveto
105.3225 44.55002 lineto
104.89998 44.55002 104.55002 44.88144 104.55002 45.29984 curveto
104.55002 58.8002 lineto
104.55002 59.20647 104.24263 59.55002 103.84483 59.55002 curveto
91.15517 59.55002 lineto
90.75737 59.55002 90.44998 59.20647 90.44998 58.8002 curveto
90.44998 45.29984 lineto
90.44998 44.88579 90.11421 44.55002 89.70016 44.55002 curveto
76.1998 44.55002 lineto
75.79353 44.55002 75.44998 44.24263 75.44998 43.84483 curveto
75.44998 31.15517 lineto
75.44998 30.76149 75.7798 30.44998 76.17783 30.44998 curveto
89.27284 30.44998 lineto
90.74982 30.44998 lineto
104.25018 30.44998 lineto
105.74982 30.44998 lineto
119.25018 30.44998 lineto
120.72784 30.44998 lineto
133.82286 30.44998 lineto
134.22066 30.44998 134.55002 30.76172 134.55002 31.15517 curveto
134.55002 43.84483 lineto
134.55002 44.23851 134.2202 44.55002 133.82217 44.55002 curveto
120.72716 44.55002 lineto
 closepath fill
 0 setgray
newpath 119.22752 44.55002 moveto
105.3225 44.55002 lineto
104.89998 44.55002 104.55002 44.88144 104.55002 45.29984 curveto
104.55002 58.8002 lineto
104.55002 59.20647 104.24263 59.55002 103.84483 59.55002 curveto
91.15517 59.55002 lineto
90.75737 59.55002 90.44998 59.20647 90.44998 58.8002 curveto
90.44998 45.29984 lineto
90.44998 44.88579 90.11421 44.55002 89.70016 44.55002 curveto
76.1998 44.55002 lineto
75.79353 44.55002 75.44998 44.24263 75.44998 43.84483 curveto
75.44998 31.15517 lineto
75.44998 30.76149 75.7798 30.44998 76.17783 30.44998 curveto
89.27284 30.44998 lineto
90.74982 30.44998 lineto
104.25018 30.44998 lineto
105.74982 30.44998 lineto
119.25018 30.44998 lineto
120.72784 30.44998 lineto
133.82286 30.44998 lineto
134.22066 30.44998 134.55002 30.76172 134.55002 31.15517 curveto
134.55002 43.84483 lineto
134.55002 44.23851 134.2202 44.55002 133.82217 44.55002 curveto
120.72716 44.55002 lineto
 closepath stroke
 0.95 setgray
newpath 164.22752 29.55002 moveto
150.3225 29.55002 lineto
149.89998 29.55002 149.55002 29.88144 149.55002 30.29984 curveto
149.55002 43.8002 lineto
149.55002 44.20647 149.24263 44.55002 148.84483 44.55002 curveto
136.15517 44.55002 lineto
135.75737 44.55002 135.44998 44.20647 135.44998 43.8002 curveto
135.44998 30.29984 lineto
135.44998 29.88579 135.11421 29.55002 134.70016 29.55002 curveto
121.1998 29.55002 lineto
120.79353 29.55002 120.44998 29.24263 120.44998 28.84483 curveto
120.44998 16.15517 lineto
120.44998 15.76149 120.7798 15.44998 121.17783 15.44998 curveto
134.27284 15.44998 lineto
135.74982 15.44998 lineto
149.25018 15.44998 lineto
150.74982 15.44998 lineto
164.25018 15.44998 lineto
165.72784 15.44998 lineto
178.82286 15.44998 lineto
179.22066 15.44998 179.55002 15.76172 179.55002 16.15517 curveto
179.55002 28.84483 lineto
179.55002 29.23851 179.2202 29.55002 178.82217 29.55002 curveto
165.72716 29.55002 lineto
 closepath fill
 0 setgray
newpath 164.22752 29.55002 moveto
150.3225 29.55002 lineto
149.89998 29.55002 149.55002 29.88144 149.55002 30.29984 curveto
149.55002 43.8002 lineto
149.55002 44.20647 149.24263 44.55002 148.84483 44.55002 curveto
136.15517 44.55002 lineto
135.75737 44.55002 135.44998 44.20647 135.44998 43.8002 curveto
135.44998 30.29984 lineto
135.44998 29.88579 135.11421 29.55002 134.70016 29.55002 curveto
121.1998 29.55002 lineto
120.79353 29.55002 120.44998 29.24263 120.44998 28.84483 curveto
120.44998 16.15517 lineto
120.44998 15.76149 120.7798 15.44998 121.17783 15.44998 curveto
134.27284 15.44998 lineto
135.74982 15.44998 lineto
149.25018 15.44998 lineto
150.74982 15.44998 lineto
164.25018 15.44998 lineto
165.72784 15.44998 lineto
178.82286 15.44998 lineto
179.22066 15.44998 179.55002 15.76172 179.55002 16.15517 curveto
179.55002 28.84483 lineto
179.55002 29.23851 179.2202 29.55002 178.82217 29.55002 curveto
165.72716 29.55002 lineto
 closepath stroke
 0.6 setgray
newpath 59.22752 14.55002 moveto
45.3225 14.55002 lineto
44.89998 14.55002 44.55002 14.88144 44.55002 15.29984 curveto
44.55002 28.8002 lineto
44.55002 29.20647 44.24263 29.55002 43.84483 29.55002 curveto
31.15517 29.55002 lineto
30.75737 29.55002 30.44998 29.20647 30.44998 28.8002 curveto
30.44998 15.29984 lineto
30.44998 14.88579 30.11421 14.55002 29.70016 14.55002 curveto
16.1998 14.55002 lineto
15.79353 14.55002 15.44998 14.24263 15.44998 13.84483 curveto
15.44998 1.15517 lineto
15.44998 0.76149 15.7798 0.44998 16.17783 0.44998 curveto
29.27284 0.44998 lineto
30.74982 0.44998 lineto
44.25018 0.44998 lineto
45.74982 0.44998 lineto
59.25018 0.44998 lineto
60.72784 0.44998 lineto
73.82286 0.44998 lineto
74.22066 0.44998 74.55002 0.76172 74.55002 1.15517 curveto
74.55002 13.84483 lineto
74.55002 14.23851 74.2202 14.55002 73.82217 14.55002 curveto
60.72716 14.55002 lineto
 closepath fill
 0 setgray
newpath 59.22752 14.55002 moveto
45.3225 14.55002 lineto
44.89998 14.55002 44.55002 14.88144 44.55002 15.29984 curveto
44.55002 28.8002 lineto
44.55002 29.20647 44.24263 29.55002 43.84483 29.55002 curveto
31.15517 29.55002 lineto
30.75737 29.55002 30.44998 29.20647 30.44998 28.8002 curveto
30.44998 15.29984 lineto
30.44998 14.88579 30.11421 14.55002 29.70016 14.55002 curveto
16.1998 14.55002 lineto
15.79353 14.55002 15.44998 14.24263 15.44998 13.84483 curveto
15.44998 1.15517 lineto
15.44998 0.76149 15.7798 0.44998 16.17783 0.44998 curveto
29.27284 0.44998 lineto
30.74982 0.44998 lineto
44.25018 0.44998 lineto
45.74982 0.44998 lineto
59.25018 0.44998 lineto
60.72784 0.44998 lineto
73.82286 0.44998 lineto
74.22066 0.44998 74.55002 0.76172 74.55002 1.15517 curveto
74.55002 13.84483 lineto
74.55002 14.23851 74.2202 14.55002 73.82217 14.55002 curveto
60.72716 14.55002 lineto
 closepath stroke
 0.8 setgray
newpath 134.22752 14.55002 moveto
120.3225 14.55002 lineto
119.89998 14.55002 119.55002 14.88144 119.55002 15.29984 curveto
119.55002 28.8002 lineto
119.55002 29.20647 119.24263 29.55002 118.84483 29.55002 curveto
106.15517 29.55002 lineto
105.75737 29.55002 105.44998 29.20647 105.44998 28.8002 curveto
105.44998 15.29984 lineto
105.44998 14.88579 105.11421 14.55002 104.70016 14.55002 curveto
91.1998 14.55002 lineto
90.79353 14.55002 90.44998 14.24263 90.44998 13.84483 curveto
90.44998 1.15517 lineto
90.44998 0.76149 90.7798 0.44998 91.17783 0.44998 curveto
104.27284 0.44998 lineto
105.74982 0.44998 lineto
119.25018 0.44998 lineto
120.74982 0.44998 lineto
134.25018 0.44998 lineto
135.72784 0.44998 lineto
148.82286 0.44998 lineto
149.22066 0.44998 149.55002 0.76172 149.55002 1.15517 curveto
149.55002 13.84483 lineto
149.55002 14.23851 149.2202 14.55002 148.82217 14.55002 curveto
135.72716 14.55002 lineto
 closepath fill
 0 setgray
newpath 134.22752 14.55002 moveto
120.3225 14.55002 lineto
119.89998 14.55002 119.55002 14.88144 119.55002 15.29984 curveto
119.55002 28.8002 lineto
119.55002 29.20647 119.24263 29.55002 118.84483 29.55002 curveto
106.15517 29.55002 lineto
105.75737 29.55002 105.44998 29.20647 105.44998 28.8002 curveto
105.44998 15.29984 lineto
105.44998 14.88579 105.11421 14.55002 104.70016 14.55002 curveto
91.1998 14.55002 lineto
90.79353 14.55002 90.44998 14.24263 90.44998 13.84483 curveto
90.44998 1.15517 lineto
90.44998 0.76149 90.7798 0.44998 91.17783 0.44998 curveto
104.27284 0.44998 lineto
105.74982 0.44998 lineto
119.25018 0.44998 lineto
120.74982 0.44998 lineto
134.25018 0.44998 lineto
135.72784 0.44998 lineto
148.82286 0.44998 lineto
149.22066 0.44998 149.55002 0.76172 149.55002 1.15517 curveto
149.55002 13.84483 lineto
149.55002 14.23851 149.2202 14.55002 148.82217 14.55002 curveto
135.72716 14.55002 lineto
 closepath stroke
 0.3 setgray
newpath 15.44998 89.22752 moveto
15.44998 75.3225 lineto
15.44998 74.89998 15.11856 74.55002 14.70016 74.55002 curveto
1.1998 74.55002 lineto
0.79353 74.55002 0.44998 74.24263 0.44998 73.84483 curveto
0.44998 61.15517 lineto
0.44998 60.75737 0.79353 60.44998 1.1998 60.44998 curveto
14.70016 60.44998 lineto
15.11421 60.44998 15.44998 60.11421 15.44998 59.70016 curveto
15.44998 46.1998 lineto
15.44998 45.79353 15.75737 45.44998 16.15517 45.44998 curveto
28.84483 45.44998 lineto
29.23851 45.44998 29.55002 45.7798 29.55002 46.17783 curveto
29.55002 59.27284 lineto
29.55002 60.74982 lineto
29.55002 74.25018 lineto
29.55002 75.74982 lineto
29.55002 89.25018 lineto
29.55002 90.72784 lineto
29.55002 103.82286 lineto
29.55002 104.22066 29.23828 104.55002 28.84483 104.55002 curveto
16.15517 104.55002 lineto
15.76149 104.55002 15.44998 104.2202 15.44998 103.82217 curveto
15.44998 90.72716 lineto
 closepath fill
 0 setgray
newpath 15.44998 89.22752 moveto
15.44998 75.3225 lineto
15.44998 74.89998 15.11856 74.55002 14.70016 74.55002 curveto
1.1998 74.55002 lineto
0.79353 74.55002 0.44998 74.24263 0.44998 73.84483 curveto
0.44998 61.15517 lineto
0.44998 60.75737 0.79353 60.44998 1.1998 60.44998 curveto
14.70016 60.44998 lineto
15.11421 60.44998 15.44998 60.11421 15.44998 59.70016 curveto
15.44998 46.1998 lineto
15.44998 45.79353 15.75737 45.44998 16.15517 45.44998 curveto
28.84483 45.44998 lineto
29.23851 45.44998 29.55002 45.7798 29.55002 46.17783 curveto
29.55002 59.27284 lineto
29.55002 60.74982 lineto
29.55002 74.25018 lineto
29.55002 75.74982 lineto
29.55002 89.25018 lineto
29.55002 90.72784 lineto
29.55002 103.82286 lineto
29.55002 104.22066 29.23828 104.55002 28.84483 104.55002 curveto
16.15517 104.55002 lineto
15.76149 104.55002 15.44998 104.2202 15.44998 103.82217 curveto
15.44998 90.72716 lineto
 closepath stroke
 0.8 setgray
newpath 105.44998 104.22752 moveto
105.44998 90.3225 lineto
105.44998 89.89998 105.11856 89.55002 104.70016 89.55002 curveto
91.1998 89.55002 lineto
90.79353 89.55002 90.44998 89.24263 90.44998 88.84483 curveto
90.44998 76.15517 lineto
90.44998 75.75737 90.79353 75.44998 91.1998 75.44998 curveto
104.70016 75.44998 lineto
105.11421 75.44998 105.44998 75.11421 105.44998 74.70016 curveto
105.44998 61.1998 lineto
105.44998 60.79353 105.75737 60.44998 106.15517 60.44998 curveto
118.84483 60.44998 lineto
119.23851 60.44998 119.55002 60.7798 119.55002 61.17783 curveto
119.55002 74.27284 lineto
119.55002 75.74982 lineto
119.55002 89.25018 lineto
119.55002 90.74982 lineto
119.55002 104.25018 lineto
119.55002 105.72784 lineto
119.55002 118.82286 lineto
119.55002 119.22066 119.23828 119.55002 118.84483 119.55002 curveto
106.15517 119.55002 lineto
105.76149 119.55002 105.44998 119.2202 105.44998 118.82217 curveto
105.44998 105.72716 lineto
 closepath fill
 0 setgray
newpath 105.44998 104.22752 moveto
105.44998 90.3225 lineto
105.44998 89.89998 105.11856 89.55002 104.70016 89.55002 curveto
91.1998 89.55002 lineto
90.79353 89.55002 90.44998 89.24263 90.44998 88.84483 curveto
90.44998 76.15517 lineto
90.44998 75.75737 90.79353 75.44998 91.1998 75.44998 curveto
104.70016 75.44998 lineto
105.11421 75.44998 105.44998 75.11421 105.44998 74.70016 curveto
105.44998 61.1998 lineto
105.44998 60.79353 105.75737 60.44998 106.15517 60.44998 curveto
118.84483 60.44998 lineto
119.23851 60.44998 119.55002 60.7798 119.55002 61.17783 curveto
119.55002 74.27284 lineto
119.55002 75.74982 lineto
119.55002 89.25018 lineto
119.55002 90.74982 lineto
119.55002 104.25018 lineto
119.55002 105.72784 lineto
119.55002 118.82286 lineto
119.55002 119.22066 119.23828 119.55002 118.84483 119.55002 curveto
106.15517 119.55002 lineto
105.76149 119.55002 105.44998 119.2202 105.44998 118.82217 curveto
105.44998 105.72716 lineto
 closepath stroke
 0.3 setgray
newpath 120.44998 164.22752 moveto
120.44998 150.3225 lineto
120.44998 149.89998 120.11856 149.55002 119.70016 149.55002 curveto
106.1998 149.55002 lineto
105.79353 149.55002 105.44998 149.24263 105.44998 148.84483 curveto
105.44998 136.15517 lineto
105.44998 135.75737 105.79353 135.44998 106.1998 135.44998 curveto
119.70016 135.44998 lineto
120.11421 135.44998 120.44998 135.11421 120.44998 134.70016 curveto
120.44998 121.1998 lineto
120.44998 120.79353 120.75737 120.44998 121.15517 120.44998 curveto
133.84483 120.44998 lineto
134.23851 120.44998 134.55002 120.7798 134.55002 121.17783 curveto
134.55002 134.27284 lineto
134.55002 135.74982 lineto
134.55002 149.25018 lineto
134.55002 150.74982 lineto
134.55002 164.25018 lineto
134.55002 165.72784 lineto
134.55002 178.82286 lineto
134.55002 179.22066 134.23828 179.55002 133.84483 179.55002 curveto
121.15517 179.55002 lineto
120.76149 179.55002 120.44998 179.2202 120.44998 178.82217 curveto
120.44998 165.72716 lineto
 closepath fill
 0 setgray
newpath 120.44998 164.22752 moveto
120.44998 150.3225 lineto
120.44998 149.89998 120.11856 149.55002 119.70016 149.55002 curveto
106.1998 149.55002 lineto
105.79353 149.55002 105.44998 149.24263 105.44998 148.84483 curveto
105.44998 136.15517 lineto
105.44998 135.75737 105.79353 135.44998 106.1998 135.44998 curveto
119.70016 135.44998 lineto
120.11421 135.44998 120.44998 135.11421 120.44998 134.70016 curveto
120.44998 121.1998 lineto
120.44998 120.79353 120.75737 120.44998 121.15517 120.44998 curveto
133.84483 120.44998 lineto
134.23851 120.44998 134.55002 120.7798 134.55002 121.17783 curveto
134.55002 134.27284 lineto
134.55002 135.74982 lineto
134.55002 149.25018 lineto
134.55002 150.74982 lineto
134.55002 164.25018 lineto
134.55002 165.72784 lineto
134.55002 178.82286 lineto
134.55002 179.22066 134.23828 179.55002 133.84483 179.55002 curveto
121.15517 179.55002 lineto
120.76149 179.55002 120.44998 179.2202 120.44998 178.82217 curveto
120.44998 165.72716 lineto
 closepath stroke
 0.95 setgray
newpath 210.44998 44.22752 moveto
210.44998 30.3225 lineto
210.44998 29.89998 210.11856 29.55002 209.70016 29.55002 curveto
196.1998 29.55002 lineto
195.79353 29.55002 195.44998 29.24263 195.44998 28.84483 curveto
195.44998 16.15517 lineto
195.44998 15.75737 195.79353 15.44998 196.1998 15.44998 curveto
209.70016 15.44998 lineto
210.11421 15.44998 210.44998 15.11421 210.44998 14.70016 curveto
210.44998 1.1998 lineto
210.44998 0.79353 210.75737 0.44998 211.15517 0.44998 curveto
223.84483 0.44998 lineto
224.23851 0.44998 224.55002 0.7798 224.55002 1.17783 curveto
224.55002 14.27284 lineto
224.55002 15.74982 lineto
224.55002 29.25018 lineto
224.55002 30.74982 lineto
224.55002 44.25018 lineto
224.55002 45.72784 lineto
224.55002 58.82286 lineto
224.55002 59.22066 224.23828 59.55002 223.84483 59.55002 curveto
211.15517 59.55002 lineto
210.76149 59.55002 210.44998 59.2202 210.44998 58.82217 curveto
210.44998 45.72716 lineto
 closepath fill
 0 setgray
newpath 210.44998 44.22752 moveto
210.44998 30.3225 lineto
210.44998 29.89998 210.11856 29.55002 209.70016 29.55002 curveto
196.1998 29.55002 lineto
195.79353 29.55002 195.44998 29.24263 195.44998 28.84483 curveto
195.44998 16.15517 lineto
195.44998 15.75737 195.79353 15.44998 196.1998 15.44998 curveto
209.70016 15.44998 lineto
210.11421 15.44998 210.44998 15.11421 210.44998 14.70016 curveto
210.44998 1.1998 lineto
210.44998 0.79353 210.75737 0.44998 211.15517 0.44998 curveto
223.84483 0.44998 lineto
224.23851 0.44998 224.55002 0.7798 224.55002 1.17783 curveto
224.55002 14.27284 lineto
224.55002 15.74982 lineto
224.55002 29.25018 lineto
224.55002 30.74982 lineto
224.55002 44.25018 lineto
224.55002 45.72784 lineto
224.55002 58.82286 lineto
224.55002 59.22066 224.23828 59.55002 223.84483 59.55002 curveto
211.15517 59.55002 lineto
210.76149 59.55002 210.44998 59.2202 210.44998 58.82217 curveto
210.44998 45.72716 lineto
 closepath stroke
newpath -0.44998 15.74982 moveto
-0.44998 29.25018 lineto
-0.44998 30.74982 lineto
-0.44998 44.25018 lineto
-0.44998 45.74982 lineto
-0.44998 59.25018 lineto
-0.44998 60.74982 lineto
-0.44998 74.25018 lineto
-0.44998 75.74982 lineto
-0.44998 89.25018 lineto
-0.44998 90.74982 lineto
-0.44998 104.25018 lineto
-0.44998 105.74982 lineto
-0.44998 119.25018 lineto
-0.44998 120.74982 lineto
-0.44998 134.25018 lineto
-0.44998 135.74982 lineto
-0.44998 149.25018 lineto
-0.44998 150.74982 lineto
-0.44998 164.25018 lineto
-0.44998 165.74982 lineto
-0.44998 179.25018 lineto
-0.44998 180.74982 lineto
-0.44998 194.25018 lineto
-0.44998 195.74982 lineto
-0.44998 209.25018 lineto
-0.44998 210.77248 lineto
-0.44998 224.6775 lineto
-0.44998 225.10414 -0.10414 225.44998 0.3225 225.44998 curveto
14.22752 225.44998 lineto
15.74982 225.44998 lineto
29.25018 225.44998 lineto
30.74982 225.44998 lineto
44.25018 225.44998 lineto
45.74982 225.44998 lineto
59.25018 225.44998 lineto
60.74982 225.44998 lineto
74.25018 225.44998 lineto
75.74982 225.44998 lineto
89.25018 225.44998 lineto
90.74982 225.44998 lineto
104.25018 225.44998 lineto
105.74982 225.44998 lineto
119.25018 225.44998 lineto
120.74982 225.44998 lineto
134.25018 225.44998 lineto
135.74982 225.44998 lineto
149.25018 225.44998 lineto
150.74982 225.44998 lineto
164.25018 225.44998 lineto
165.74982 225.44998 lineto
179.25018 225.44998 lineto
180.74982 225.44998 lineto
194.25018 225.44998 lineto
195.74982 225.44998 lineto
209.25018 225.44998 lineto
210.77248 225.44998 lineto
224.6775 225.44998 lineto
225.10414 225.44998 225.44998 225.10414 225.44998 224.6775 curveto
225.44998 210.77248 lineto
225.44998 209.25018 lineto
225.44998 195.74982 lineto
225.44998 194.25018 lineto
225.44998 180.74982 lineto
225.44998 179.25018 lineto
225.44998 165.74982 lineto
225.44998 164.25018 lineto
225.44998 150.74982 lineto
225.44998 149.25018 lineto
225.44998 135.74982 lineto
225.44998 134.25018 lineto
225.44998 120.74982 lineto
225.44998 119.25018 lineto
225.44998 105.74982 lineto
225.44998 104.25018 lineto
225.44998 90.74982 lineto
225.44998 89.25018 lineto
225.44998 75.74982 lineto
225.44998 74.25018 lineto
225.44998 60.74982 lineto
225.44998 59.25018 lineto
225.44998 45.74982 lineto
225.44998 44.25018 lineto
225.44998 30.74982 lineto
225.44998 29.25018 lineto
225.44998 15.74982 lineto
225.44998 14.22752 lineto
225.44998 0.3225 lineto
225.44998 -0.10414 225.10414 -0.44998 224.6775 -0.44998 curveto
210.77248 -0.44998 lineto
209.25018 -0.44998 lineto
195.74982 -0.44998 lineto
194.25018 -0.44998 lineto
180.74982 -0.44998 lineto
179.25018 -0.44998 lineto
165.74982 -0.44998 lineto
164.25018 -0.44998 lineto
150.74982 -0.44998 lineto
149.25018 -0.44998 lineto
135.74982 -0.44998 lineto
134.25018 -0.44998 lineto
120.74982 -0.44998 lineto
119.25018 -0.44998 lineto
105.74982 -0.44998 lineto
104.25018 -0.44998 lineto
90.74982 -0.44998 lineto
89.25018 -0.44998 lineto
75.74982 -0.44998 lineto
74.25018 -0.44998 lineto
60.74982 -0.44998 lineto
59.25018 -0.44998 lineto
45.74982 -0.44998 lineto
44.25018 -0.44998 lineto
30.74982 -0.44998 lineto
29.25018 -0.44998 lineto
15.74982 -0.44998 lineto
14.22752 -0.44998 lineto
0.3225 -0.44998 lineto
-0.10414 -0.44998 -0.44998 -0.10414 -0.44998 0.3225 curveto
-0.44998 14.22752 lineto
 closepath stroke
showpage
%%EOF
