%!PS
%%BoundingBox: 64 -61 196 61 
%%HiResBoundingBox: 64.25182 -60.56865 195.55655 60.56927 
%%Creator: MetaPost 0.901
%%CreationDate: 2008.09.19:1138
%%Pages: 1
%%BeginProlog
%%EndProlog
%%Page: 1 1
 0.9 setgray
newpath 142.69537 -37.90439 moveto
131.00368 -31.1542 lineto
130.71289 -30.98633 130.35394 -31.16812 130.35405 -31.47739 curveto
130.35416 -44.04288 lineto
130.35411 -44.48607 130.60724 -44.88673 130.99217 -45.10898 curveto
142.48189 -51.74254 lineto
143.73601 -52.46661 lineto
154.81976 -58.8658 lineto
155.09291 -59.0235 155.43524 -58.81967 155.43532 -58.49728 curveto
155.43506 -45.46286 lineto
155.4352 -44.01517 lineto
155.43478 -30.98329 lineto
155.43475 -30.54297 155.21086 -30.13013 154.83008 -29.9103 curveto
143.9491 -23.62817 lineto
143.6815 -23.47368 143.3446 -23.6933 143.34464 -24.02922 curveto
143.34483 -37.5293 lineto
143.34503 -37.86269 142.98398 -38.07101 142.69537 -37.90439 curveto closepath
 fill
 0 setgray 0 0.5 dtransform truncate idtransform setlinewidth pop [] 0 setdash
 1 setlinejoin 10 setmiterlimit
gsave newpath 142.69537 -37.90439 moveto
131.00368 -31.1542 lineto
130.71289 -30.98633 130.35394 -31.16812 130.35405 -31.47739 curveto
130.35416 -44.04288 lineto
130.35411 -44.48607 130.60724 -44.88673 130.99217 -45.10898 curveto
142.48189 -51.74254 lineto
143.73601 -52.46661 lineto
154.81976 -58.8658 lineto
155.09291 -59.0235 155.43524 -58.81967 155.43532 -58.49728 curveto
155.43506 -45.46286 lineto
155.4352 -44.01517 lineto
155.43478 -30.98329 lineto
155.43475 -30.54297 155.21086 -30.13013 154.83008 -29.9103 curveto
143.9491 -23.62817 lineto
143.6815 -23.47368 143.3446 -23.6933 143.34464 -24.02922 curveto
143.34483 -37.5293 lineto
143.34503 -37.86269 142.98398 -38.07101 142.69537 -37.90439 curveto closepath
[0.86603 -0.5 0.5 0.86603 0 0] concat stroke grestore
 0.99 setgray
newpath 142.44476 8.45755 moveto
142.44426 21.02325 lineto
142.44417 21.33253 142.09694 21.52031 141.81746 21.35898 curveto
130.53111 14.84297 lineto
130.14296 14.61884 129.66504 14.61913 129.27692 14.8432 curveto
117.99007 21.35938 lineto
117.71158 21.52017 117.36316 21.31906 117.36324 20.99739 curveto
117.36339 7.9646 lineto
117.36328 6.54306 lineto
117.36359 -6.02254 lineto
117.36368 -6.33182 117.7109 -6.5196 117.99039 -6.35825 curveto
129.27716 0.15802 lineto
129.66519 0.38197 130.14323 0.38188 130.53116 0.15793 curveto
141.81769 -6.35834 lineto
142.09618 -6.51913 142.4446 -6.31804 142.44453 -5.99635 curveto
142.44432 7.0354 lineto
 closepath fill
 0 setgray
gsave newpath 142.44476 8.45755 moveto
142.44426 21.02325 lineto
142.44417 21.33253 142.09694 21.52031 141.81746 21.35898 curveto
130.53111 14.84297 lineto
130.14296 14.61884 129.66504 14.61913 129.27692 14.8432 curveto
117.99007 21.35938 lineto
117.71158 21.52017 117.36316 21.31906 117.36324 20.99739 curveto
117.36339 7.9646 lineto
117.36328 6.54306 lineto
117.36359 -6.02254 lineto
117.36368 -6.33182 117.7109 -6.5196 117.99039 -6.35825 curveto
129.27716 0.15802 lineto
129.66519 0.38197 130.14323 0.38188 130.53116 0.15793 curveto
141.81769 -6.35834 lineto
142.09618 -6.51913 142.4446 -6.31804 142.44453 -5.99635 curveto
142.44432 7.0354 lineto
 closepath
[0.86603 -0.5 0.5 0.86603 0 0] concat stroke grestore
 0.93 setgray
newpath 79.04184 -30.11505 moveto
90.73401 -36.86577 lineto
91.1358 -37.09775 91.38324 -37.52655 91.38327 -37.99066 curveto
91.38356 -51.49106 lineto
91.38358 -51.9401 91.6009 -52.3666 91.98822 -52.59021 curveto
102.8692 -58.87233 lineto
103.14888 -59.03381 103.47337 -59.34245 103.47353 -59.046 curveto
103.47388 -55.89322 lineto
103.47354 -54.44499 lineto
103.47366 -31.53268 lineto
103.47371 -30.89311 103.37694 -30.20427 102.8354 -29.89162 curveto
91.346 -23.25797 lineto
90.09187 -22.53389 lineto
79.00812 -16.1347 lineto
78.73418 -15.97655 78.39273 -16.16739 78.39261 -16.47707 curveto
78.39252 -29.04243 lineto
78.39253 -29.48962 78.65314 -29.89063 79.04184 -30.11505 curveto closepath fill
 0 setgray
gsave newpath 79.04184 -30.11505 moveto
90.73401 -36.86577 lineto
91.1358 -37.09775 91.38324 -37.52655 91.38327 -37.99066 curveto
91.38356 -51.49106 lineto
91.38358 -51.9401 91.6009 -52.3666 91.98822 -52.59021 curveto
102.8692 -58.87233 lineto
103.14888 -59.03381 103.47337 -59.34245 103.47353 -59.046 curveto
103.47388 -55.89322 lineto
103.47354 -54.44499 lineto
103.47366 -31.53268 lineto
103.47371 -30.89311 103.37694 -30.20427 102.8354 -29.89162 curveto
91.346 -23.25797 lineto
90.09187 -22.53389 lineto
79.00812 -16.1347 lineto
78.73418 -15.97655 78.39273 -16.16739 78.39261 -16.47707 curveto
78.39252 -29.04243 lineto
78.39253 -29.48962 78.65314 -29.89063 79.04184 -30.11505 curveto closepath
[0.86603 -0.5 0.5 0.86603 0 0] concat stroke grestore
newpath 130.53084 15.88206 moveto
141.81761 22.39835 lineto
142.20564 22.62228 142.4446 23.03616 142.44452 23.48419 curveto
142.44437 36.51695 lineto
142.44427 36.96498 142.20557 37.37871 141.81766 37.60268 curveto
130.53113 44.11894 lineto
130.14322 44.3429 129.66556 44.34276 129.27753 44.1188 curveto
117.99075 37.60254 lineto
117.6027 37.37859 117.36375 36.9647 117.36385 36.5167 curveto
117.364 23.48392 lineto
117.36407 23.0359 117.60278 22.62216 117.99069 22.39821 curveto
129.27722 15.88194 lineto
129.66513 15.65797 130.14279 15.65813 130.53084 15.88206 curveto closepath fill
gsave newpath 130.53084 15.88206 moveto
141.81761 22.39835 lineto
142.20564 22.62228 142.4446 23.03616 142.44452 23.48419 curveto
142.44437 36.51695 lineto
142.44427 36.96498 142.20557 37.37871 141.81766 37.60268 curveto
130.53113 44.11894 lineto
130.14322 44.3429 129.66556 44.34276 129.27753 44.1188 curveto
117.99075 37.60254 lineto
117.6027 37.37859 117.36375 36.9647 117.36385 36.5167 curveto
117.364 23.48392 lineto
117.36407 23.0359 117.60278 22.62216 117.99069 22.39821 curveto
129.27722 15.88194 lineto
129.66513 15.65797 130.14279 15.65813 130.53084 15.88206 curveto closepath
[0.86603 -0.5 0.5 0.86603 0 0] concat stroke grestore
 0.96 setgray
newpath 117.32732 -21.74141 moveto
128.81575 -15.10793 lineto
129.20071 -14.88565 129.45403 -14.48535 129.45406 -14.04216 curveto
129.45404 -1.47697 lineto
129.45395 -1.16771 129.10672 -0.97992 128.82724 -1.14127 curveto
117.54079 -7.65747 lineto
117.15263 -7.8816 116.6747 -7.88133 116.28658 -7.65726 curveto
105.00005 -1.14099 lineto
104.72156 -0.9802 104.37314 -1.18129 104.37321 -1.50296 curveto
104.37357 -14.53586 lineto
104.37364 -14.98389 104.13469 -15.39777 103.74666 -15.62169 curveto
92.45988 -22.13799 lineto
92.1804 -22.29932 92.16962 -22.69429 92.4378 -22.84914 curveto
103.31879 -29.13126 lineto
103.70294 -29.35304 104.17651 -29.33388 104.56177 -29.11151 curveto
116.05042 -22.47813 lineto
 closepath fill
 0 setgray
gsave newpath 117.32732 -21.74141 moveto
128.81575 -15.10793 lineto
129.20071 -14.88565 129.45403 -14.48535 129.45406 -14.04216 curveto
129.45404 -1.47697 lineto
129.45395 -1.16771 129.10672 -0.97992 128.82724 -1.14127 curveto
117.54079 -7.65747 lineto
117.15263 -7.8816 116.6747 -7.88133 116.28658 -7.65726 curveto
105.00005 -1.14099 lineto
104.72156 -0.9802 104.37314 -1.18129 104.37321 -1.50296 curveto
104.37357 -14.53586 lineto
104.37364 -14.98389 104.13469 -15.39777 103.74666 -15.62169 curveto
92.45988 -22.13799 lineto
92.1804 -22.29932 92.16962 -22.69429 92.4378 -22.84914 curveto
103.31879 -29.13126 lineto
103.70294 -29.35304 104.17651 -29.33388 104.56177 -29.11151 curveto
116.05042 -22.47813 lineto
 closepath
[0.86603 -0.5 0.5 0.86603 0 0] concat stroke grestore
 0.7 setgray
newpath 167.7983 52.6029 moveto
156.51176 59.11917 lineto
156.11731 59.34691 155.6308 59.33418 155.23553 59.10594 curveto
143.54373 52.35599 lineto
143.14847 52.12775 142.66176 52.11513 142.2671 52.34299 curveto
130.98058 58.85925 lineto
130.7011 59.02061 130.35378 58.83289 130.35378 58.5234 curveto
130.35388 45.95793 lineto
130.35385 45.51843 130.59943 45.11842 130.9808 44.89824 curveto
142.26733 38.38197 lineto
142.66179 38.15424 143.1483 38.16699 143.54356 38.3952 curveto
155.23537 45.14519 lineto
155.63063 45.3734 156.11734 45.38602 156.512 45.15817 curveto
167.79852 38.6419 lineto
168.078 38.48055 168.42532 38.66827 168.42532 38.97775 curveto
168.42522 51.54323 lineto
168.42525 51.98274 168.17967 52.38272 167.7983 52.6029 curveto closepath fill
 0 setgray
gsave newpath 167.7983 52.6029 moveto
156.51176 59.11917 lineto
156.11731 59.34691 155.6308 59.33418 155.23553 59.10594 curveto
143.54373 52.35599 lineto
143.14847 52.12775 142.66176 52.11513 142.2671 52.34299 curveto
130.98058 58.85925 lineto
130.7011 59.02061 130.35378 58.83289 130.35378 58.5234 curveto
130.35388 45.95793 lineto
130.35385 45.51843 130.59943 45.11842 130.9808 44.89824 curveto
142.26733 38.38197 lineto
142.66179 38.15424 143.1483 38.16699 143.54356 38.3952 curveto
155.23537 45.14519 lineto
155.63063 45.3734 156.11734 45.38602 156.512 45.15817 curveto
167.79852 38.6419 lineto
168.078 38.48055 168.42532 38.66827 168.42532 38.97775 curveto
168.42522 51.54323 lineto
168.42525 51.98274 168.17967 52.38272 167.7983 52.6029 curveto closepath
[0.86603 -0.5 0.5 0.86603 0 0] concat stroke grestore
 0.7 setgray
newpath 104.5724 45.14503 moveto
116.2641 38.39485 lineto
116.65935 38.16666 117.14577 38.15407 117.5403 38.38193 curveto
128.82677 44.89812 lineto
129.20811 45.11826 129.45361 45.51833 129.45363 45.95782 curveto
129.45361 58.52298 lineto
129.45352 58.83226 129.1063 59.02003 128.82681 58.8587 curveto
117.54066 52.34259 lineto
117.14613 52.11473 116.65971 52.12732 116.26448 52.35551 curveto
104.57259 59.1058 lineto
104.17734 59.334 103.6909 59.34659 103.29637 59.11873 curveto
92.00992 52.60254 lineto
91.62857 52.3824 91.38307 51.98233 91.38304 51.54283 curveto
91.38307 38.97768 lineto
91.38316 38.6684 91.7304 38.48062 92.00986 38.64195 curveto
103.2962 45.15794 lineto
103.69073 45.38582 104.17717 45.37323 104.5724 45.14503 curveto closepath fill
 0 setgray
gsave newpath 104.5724 45.14503 moveto
116.2641 38.39485 lineto
116.65935 38.16666 117.14577 38.15407 117.5403 38.38193 curveto
128.82677 44.89812 lineto
129.20811 45.11826 129.45361 45.51833 129.45363 45.95782 curveto
129.45361 58.52298 lineto
129.45352 58.83226 129.1063 59.02003 128.82681 58.8587 curveto
117.54066 52.34259 lineto
117.14613 52.11473 116.65971 52.12732 116.26448 52.35551 curveto
104.57259 59.1058 lineto
104.17734 59.334 103.6909 59.34659 103.29637 59.11873 curveto
92.00992 52.60254 lineto
91.62857 52.3824 91.38307 51.98233 91.38304 51.54283 curveto
91.38307 38.97768 lineto
91.38316 38.6684 91.7304 38.48062 92.00986 38.64195 curveto
103.2962 45.15794 lineto
103.69073 45.38582 104.17717 45.37323 104.5724 45.14503 curveto closepath
[0.86603 -0.5 0.5 0.86603 0 0] concat stroke grestore
 0.5 setgray
newpath 102.86841 15.08978 moveto
91.98743 21.3719 lineto
91.71964 21.52652 91.38274 21.30688 91.38277 20.97095 curveto
91.38336 7.47064 lineto
91.3835 7.13809 91.011 6.93556 90.7113 7.1086 curveto
78.61435 14.0925 lineto
78.21811 14.32127 77.73215 14.35895 77.33818 14.13158 curveto
66.45592 7.84901 lineto
66.16963 7.68367 65.94666 7.44531 66.14249 7.33224 curveto
71.3814 4.30757 lineto
72.63551 3.58351 lineto
89.97018 -6.42438 lineto
90.47208 -6.71414 91.06743 -6.90247 91.55978 -6.61824 curveto
102.84636 -0.10184 lineto
103.23439 0.1221 103.47334 0.53598 103.47327 0.984 curveto
103.47311 14.01677 lineto
103.47308 14.45709 103.24919 14.86995 102.86841 15.08978 curveto closepath fill
 0 setgray
gsave newpath 102.86841 15.08978 moveto
91.98743 21.3719 lineto
91.71964 21.52652 91.38274 21.30688 91.38277 20.97095 curveto
91.38336 7.47064 lineto
91.3835 7.13809 91.011 6.93556 90.7113 7.1086 curveto
78.61435 14.0925 lineto
78.21811 14.32127 77.73215 14.35895 77.33818 14.13158 curveto
66.45592 7.84901 lineto
66.16963 7.68367 65.94666 7.44531 66.14249 7.33224 curveto
71.3814 4.30757 lineto
72.63551 3.58351 lineto
89.97018 -6.42438 lineto
90.47208 -6.71414 91.06743 -6.90247 91.55978 -6.61824 curveto
102.84636 -0.10184 lineto
103.23439 0.1221 103.47334 0.53598 103.47327 0.984 curveto
103.47311 14.01677 lineto
103.47308 14.45709 103.24919 14.86995 102.86841 15.08978 curveto closepath
[0.86603 -0.5 0.5 0.86603 0 0] concat stroke grestore
 0.5 setgray
newpath 169.51375 -6.61147 moveto
181.0024 0.02191 lineto
182.25665 0.74554 lineto
193.33974 7.14474 lineto
193.614 7.30301 193.61934 7.69452 193.35095 7.84947 curveto
182.4701 14.13179 lineto
182.07603 14.3593 181.59026 14.32127 181.19382 14.0924 curveto
169.0972 7.10864 lineto
168.79755 6.93568 168.42516 7.13802 168.42522 7.47044 curveto
168.42511 20.97072 lineto
168.42508 21.30666 168.0886 21.52629 167.82101 21.37183 curveto
156.93938 15.08943 lineto
156.55878 14.86966 156.33507 14.45702 156.3351 14.0167 curveto
156.33525 0.98392 lineto
156.33533 0.5359 156.57404 0.12216 156.96194 -0.10179 curveto
168.24837 -6.61826 lineto
168.63965 -6.84416 169.1221 -6.83754 169.51375 -6.61147 curveto closepath fill
 0 setgray
gsave newpath 169.51375 -6.61147 moveto
181.0024 0.02191 lineto
182.25665 0.74554 lineto
193.33974 7.14474 lineto
193.614 7.30301 193.61934 7.69452 193.35095 7.84947 curveto
182.4701 14.13179 lineto
182.07603 14.3593 181.59026 14.32127 181.19382 14.0924 curveto
169.0972 7.10864 lineto
168.79755 6.93568 168.42516 7.13802 168.42522 7.47044 curveto
168.42511 20.97072 lineto
168.42508 21.30666 168.0886 21.52629 167.82101 21.37183 curveto
156.93938 15.08943 lineto
156.55878 14.86966 156.33507 14.45702 156.3351 14.0167 curveto
156.33525 0.98392 lineto
156.33533 0.5359 156.57404 0.12216 156.96194 -0.10179 curveto
168.24837 -6.61826 lineto
168.63965 -6.84416 169.1221 -6.83754 169.51375 -6.61147 curveto closepath
[0.86603 -0.5 0.5 0.86603 0 0] concat stroke grestore
 0.6 setgray
newpath 156.0617 -14.3778 moveto
167.34848 -7.86153 lineto
167.62794 -7.70018 167.63873 -7.3052 167.37054 -7.15038 curveto
156.48956 -0.86826 lineto
156.10225 -0.64464 155.62442 -0.66978 155.23553 -0.8943 curveto
143.54416 -7.644 lineto
143.14859 -7.8723 142.66199 -7.88472 142.26733 -7.65686 curveto
130.98048 -1.14069 lineto
130.701 -0.97932 130.35358 -1.16725 130.35358 -1.47673 curveto
130.35368 -14.04222 lineto
130.35362 -14.48541 130.60677 -14.88605 130.9917 -15.10829 curveto
142.48152 -21.74167 lineto
143.73564 -22.46573 lineto
154.8194 -28.86493 lineto
155.09254 -29.02263 155.43488 -28.81882 155.43495 -28.49643 curveto
155.4348 -15.46364 lineto
155.43471 -15.01563 155.67366 -14.60175 156.0617 -14.3778 curveto closepath
 fill
 0 setgray
gsave newpath 156.0617 -14.3778 moveto
167.34848 -7.86153 lineto
167.62794 -7.70018 167.63873 -7.3052 167.37054 -7.15038 curveto
156.48956 -0.86826 lineto
156.10225 -0.64464 155.62442 -0.66978 155.23553 -0.8943 curveto
143.54416 -7.644 lineto
143.14859 -7.8723 142.66199 -7.88472 142.26733 -7.65686 curveto
130.98048 -1.14069 lineto
130.701 -0.97932 130.35358 -1.16725 130.35358 -1.47673 curveto
130.35368 -14.04222 lineto
130.35362 -14.48541 130.60677 -14.88605 130.9917 -15.10829 curveto
142.48152 -21.74167 lineto
143.73564 -22.46573 lineto
154.8194 -28.86493 lineto
155.09254 -29.02263 155.43488 -28.81882 155.43495 -28.49643 curveto
155.4348 -15.46364 lineto
155.43471 -15.01563 155.67366 -14.60175 156.0617 -14.3778 curveto closepath
[0.86603 -0.5 0.5 0.86603 0 0] concat stroke grestore
 0.6 setgray
newpath 115.50375 -38.83292 moveto
104.9588 -44.9217 lineto
104.59096 -45.13405 104.37306 -45.53206 104.37315 -45.95763 curveto
104.37317 -58.5228 lineto
104.37326 -58.83208 104.72049 -59.01985 104.99997 -58.8585 curveto
116.28674 -52.34222 lineto
116.68127 -52.11436 117.1677 -52.12695 117.56293 -52.35515 curveto
129.25519 -59.10619 lineto
129.64389 -59.33061 130.12148 -59.35579 130.50876 -59.1322 curveto
141.39023 -52.8492 lineto
141.65813 -52.69464 141.64696 -52.29968 141.36708 -52.13809 curveto
130.0809 -45.62123 lineto
129.69298 -45.39728 129.45428 -44.98354 129.4542 -44.53552 curveto
129.45401 -31.50327 lineto
129.454 -31.18239 129.08475 -30.99246 128.78583 -31.16505 curveto
116.75803 -38.10927 lineto
 closepath fill
 0 setgray
gsave newpath 115.50375 -38.83292 moveto
104.9588 -44.9217 lineto
104.59096 -45.13405 104.37306 -45.53206 104.37315 -45.95763 curveto
104.37317 -58.5228 lineto
104.37326 -58.83208 104.72049 -59.01985 104.99997 -58.8585 curveto
116.28674 -52.34222 lineto
116.68127 -52.11436 117.1677 -52.12695 117.56293 -52.35515 curveto
129.25519 -59.10619 lineto
129.64389 -59.33061 130.12148 -59.35579 130.50876 -59.1322 curveto
141.39023 -52.8492 lineto
141.65813 -52.69464 141.64696 -52.29968 141.36708 -52.13809 curveto
130.0809 -45.62123 lineto
129.69298 -45.39728 129.45428 -44.98354 129.4542 -44.53552 curveto
129.45401 -31.50327 lineto
129.454 -31.18239 129.08475 -30.99246 128.78583 -31.16505 curveto
116.75803 -38.10927 lineto
 closepath
[0.86603 -0.5 0.5 0.86603 0 0] concat stroke grestore
 0.2 setgray
newpath 155.43495 1.01027 moveto
155.43472 14.50798 lineto
155.43492 16.00798 lineto
155.43466 29.50702 lineto
155.43513 30.95532 lineto
155.43433 43.52278 lineto
155.4343 43.83308 155.09894 44.02724 154.83052 43.8722 curveto
143.94876 37.58961 lineto
143.56146 37.36603 143.34444 36.93976 143.34445 36.49072 curveto
143.34462 22.9883 lineto
143.34442 21.4883 lineto
143.34479 7.98946 lineto
143.34465 6.54175 lineto
143.34474 -6.02238 lineto
143.34468 -6.33238 143.68047 -6.52625 143.9489 -6.3712 curveto
154.83064 -0.08862 lineto
155.21794 0.13496 155.43498 0.56123 155.43495 1.01027 curveto closepath fill
 0 setgray
gsave newpath 155.43495 1.01027 moveto
155.43472 14.50798 lineto
155.43492 16.00798 lineto
155.43466 29.50702 lineto
155.43513 30.95532 lineto
155.43433 43.52278 lineto
155.4343 43.83308 155.09894 44.02724 154.83052 43.8722 curveto
143.94876 37.58961 lineto
143.56146 37.36603 143.34444 36.93976 143.34445 36.49072 curveto
143.34462 22.9883 lineto
143.34442 21.4883 lineto
143.34479 7.98946 lineto
143.34465 6.54175 lineto
143.34474 -6.02238 lineto
143.34468 -6.33238 143.68047 -6.52625 143.9489 -6.3712 curveto
154.83064 -0.08862 lineto
155.21794 0.13496 155.43498 0.56123 155.43495 1.01027 curveto closepath
[0.86603 -0.5 0.5 0.86603 0 0] concat stroke grestore
 0.2 setgray
newpath 116.46379 8.78502 moveto
116.4635 27.22604 lineto
116.46367 28.69989 lineto
116.46335 36.7908 lineto
116.46326 37.14632 116.17297 37.408 115.8588 37.5894 curveto
104.97781 43.87152 lineto
104.70963 44.02635 104.37346 43.82585 104.37352 43.5092 curveto
104.37334 30.71158 lineto
104.3733 29.25034 lineto
104.3735 15.75026 lineto
104.37344 14.26288 lineto
104.37314 0.99673 lineto
104.37299 0.55202 104.59412 0.13257 104.97827 -0.08922 curveto
115.85925 -6.37134 lineto
116.12724 -6.52606 116.4637 -6.31912 116.4637 -5.99643 curveto
116.46378 7.03676 lineto
 closepath fill
 0 setgray
gsave newpath 116.46379 8.78502 moveto
116.4635 27.22604 lineto
116.46367 28.69989 lineto
116.46335 36.7908 lineto
116.46326 37.14632 116.17297 37.408 115.8588 37.5894 curveto
104.97781 43.87152 lineto
104.70963 44.02635 104.37346 43.82585 104.37352 43.5092 curveto
104.37334 30.71158 lineto
104.3733 29.25034 lineto
104.3735 15.75026 lineto
104.37344 14.26288 lineto
104.37314 0.99673 lineto
104.37299 0.55202 104.59412 0.13257 104.97827 -0.08922 curveto
115.85925 -6.37134 lineto
116.12724 -6.52606 116.4637 -6.31912 116.4637 -5.99643 curveto
116.46378 7.03676 lineto
 closepath
[0.86603 -0.5 0.5 0.86603 0 0] concat stroke grestore
 0.85 setgray
newpath 129.27753 -15.88144 moveto
117.99013 -22.39789 lineto
116.71382 -23.13496 lineto
105.02274 -29.88509 lineto
104.63385 -30.10959 104.3732 -30.51068 104.37323 -30.95787 curveto
104.37314 -43.52324 lineto
104.37317 -43.84912 104.58037 -44.10089 104.77655 -43.98767 curveto
112.03816 -39.79553 lineto
113.31445 -39.05846 lineto
129.03093 -29.98431 lineto
129.50194 -29.71234 130.06772 -29.57463 130.53116 -29.8422 curveto
141.81769 -36.35846 lineto
142.09717 -36.51982 142.44449 -36.3321 142.44449 -36.02263 curveto
142.44438 -23.45714 lineto
142.44441 -23.01764 142.19904 -22.61777 141.81766 -22.39758 curveto
130.53113 -15.88132 lineto
130.14322 -15.65736 129.66556 -15.6575 129.27753 -15.88144 curveto closepath
 fill
 0 setgray
gsave newpath 129.27753 -15.88144 moveto
117.99013 -22.39789 lineto
116.71382 -23.13496 lineto
105.02274 -29.88509 lineto
104.63385 -30.10959 104.3732 -30.51068 104.37323 -30.95787 curveto
104.37314 -43.52324 lineto
104.37317 -43.84912 104.58037 -44.10089 104.77655 -43.98767 curveto
112.03816 -39.79553 lineto
113.31445 -39.05846 lineto
129.03093 -29.98431 lineto
129.50194 -29.71234 130.06772 -29.57463 130.53116 -29.8422 curveto
141.81769 -36.35846 lineto
142.09717 -36.51982 142.44449 -36.3321 142.44449 -36.02263 curveto
142.44438 -23.45714 lineto
142.44441 -23.01764 142.19904 -22.61777 141.81766 -22.39758 curveto
130.53113 -15.88132 lineto
130.14322 -15.65736 129.66556 -15.6575 129.27753 -15.88144 curveto closepath
[0.86603 -0.5 0.5 0.86603 0 0] concat stroke grestore
 0.85 setgray
newpath 102.84703 -1.14117 moveto
91.55986 -7.65721 lineto
91.16196 -7.88681 90.67139 -7.86815 90.27237 -7.63777 curveto
78.37817 -0.77095 lineto
77.10146 -0.03383 lineto
66.0177 6.36536 lineto
65.74376 6.52351 65.40231 6.33267 65.40219 6.02301 curveto
65.4019 -6.54225 lineto
65.40186 -6.98544 65.65498 -7.38611 66.03992 -7.60835 curveto
77.52943 -14.2418 lineto
78.80556 -14.97858 lineto
90.29468 -21.6118 lineto
90.68616 -21.83781 91.16835 -21.84398 91.55959 -21.6182 curveto
102.84647 -15.1017 lineto
103.22781 -14.88156 103.47331 -14.48152 103.47334 -14.04202 curveto
103.47383 -1.47687 lineto
103.47374 -1.1676 103.12651 -0.97981 102.84703 -1.14117 curveto closepath fill
 0 setgray
gsave newpath 102.84703 -1.14117 moveto
91.55986 -7.65721 lineto
91.16196 -7.88681 90.67139 -7.86815 90.27237 -7.63777 curveto
78.37817 -0.77095 lineto
77.10146 -0.03383 lineto
66.0177 6.36536 lineto
65.74376 6.52351 65.40231 6.33267 65.40219 6.02301 curveto
65.4019 -6.54225 lineto
65.40186 -6.98544 65.65498 -7.38611 66.03992 -7.60835 curveto
77.52943 -14.2418 lineto
78.80556 -14.97858 lineto
90.29468 -21.6118 lineto
90.68616 -21.83781 91.16835 -21.84398 91.55959 -21.6182 curveto
102.84647 -15.1017 lineto
103.22781 -14.88156 103.47331 -14.48152 103.47334 -14.04202 curveto
103.47383 -1.47687 lineto
103.47374 -1.1676 103.12651 -0.97981 102.84703 -1.14117 curveto closepath
[0.86603 -0.5 0.5 0.86603 0 0] concat stroke grestore
 0.8 setgray
newpath 90.48288 9.02974 moveto
90.48268 22.5298 lineto
90.4825 22.86317 90.84354 23.07152 91.13214 22.90489 curveto
102.82384 16.15471 lineto
103.11403 15.98717 103.4731 16.17603 103.47314 16.49104 curveto
103.47334 29.28917 lineto
103.4732 30.71165 lineto
103.47331 43.5096 lineto
103.47322 43.82574 103.13109 44.02327 102.85725 43.86528 curveto
91.77399 37.46619 lineto
90.51938 36.74197 lineto
79.03094 30.10849 lineto
78.63928 29.8824 78.39253 29.46828 78.3926 29.01657 curveto
78.39275 15.98378 lineto
78.39278 15.54346 78.61665 15.13063 78.99744 14.91078 curveto
89.87842 8.62866 lineto
90.14601 8.47417 90.48293 8.6938 90.48288 9.02974 curveto closepath fill
 0 setgray
gsave newpath 90.48288 9.02974 moveto
90.48268 22.5298 lineto
90.4825 22.86317 90.84354 23.07152 91.13214 22.90489 curveto
102.82384 16.15471 lineto
103.11403 15.98717 103.4731 16.17603 103.47314 16.49104 curveto
103.47334 29.28917 lineto
103.4732 30.71165 lineto
103.47331 43.5096 lineto
103.47322 43.82574 103.13109 44.02327 102.85725 43.86528 curveto
91.77399 37.46619 lineto
90.51938 36.74197 lineto
79.03094 30.10849 lineto
78.63928 29.8824 78.39253 29.46828 78.3926 29.01657 curveto
78.39275 15.98378 lineto
78.39278 15.54346 78.61665 15.13063 78.99744 14.91078 curveto
89.87842 8.62866 lineto
90.14601 8.47417 90.48293 8.6938 90.48288 9.02974 curveto closepath
[0.86603 -0.5 0.5 0.86603 0 0] concat stroke grestore
 0.8 setgray
newpath 180.45305 30.2969 moveto
163.11809 40.30522 lineto
161.86456 41.02895 lineto
156.62585 44.05351 lineto
156.48909 44.13248 156.3349 43.9675 156.33492 43.74734 curveto
156.3351 35.2149 lineto
156.33464 33.79274 lineto
156.33553 16.72833 lineto
156.33572 16.29425 156.69183 15.98636 156.98468 16.15532 curveto
168.6763 22.90541 lineto
168.9649 23.07204 169.32565 22.86375 169.32565 22.5305 curveto
169.32574 9.03023 lineto
169.32579 8.69429 169.66228 8.47464 169.92984 8.62912 curveto
180.8116 14.9117 lineto
181.1922 15.13147 181.41591 15.54413 181.41588 15.98445 curveto
181.41632 29.01688 lineto
181.4163 29.58539 180.95534 30.00691 180.45305 30.2969 curveto closepath fill
 0 setgray
gsave newpath 180.45305 30.2969 moveto
163.11809 40.30522 lineto
161.86456 41.02895 lineto
156.62585 44.05351 lineto
156.48909 44.13248 156.3349 43.9675 156.33492 43.74734 curveto
156.3351 35.2149 lineto
156.33464 33.79274 lineto
156.33553 16.72833 lineto
156.33572 16.29425 156.69183 15.98636 156.98468 16.15532 curveto
168.6763 22.90541 lineto
168.9649 23.07204 169.32565 22.86375 169.32565 22.5305 curveto
169.32574 9.03023 lineto
169.32579 8.69429 169.66228 8.47464 169.92984 8.62912 curveto
180.8116 14.9117 lineto
181.1922 15.13147 181.41591 15.54413 181.41588 15.98445 curveto
181.41632 29.01688 lineto
181.4163 29.58539 180.95534 30.00691 180.45305 30.2969 curveto closepath
[0.86603 -0.5 0.5 0.86603 0 0] concat stroke grestore
 0.4 setgray
newpath 169.71648 -22.46567 moveto
180.80023 -28.86487 lineto
181.07338 -29.02257 181.41571 -28.81876 181.41579 -28.49635 curveto
181.41563 -15.46358 lineto
181.4155 -15.00786 181.6699 -14.59286 182.06516 -14.36464 curveto
193.75664 -7.61476 lineto
194.14554 -7.39024 194.40617 -6.98915 194.40614 -6.54196 curveto
194.40613 6.02321 lineto
194.40607 6.333 194.06444 6.52362 193.79018 6.36536 curveto
182.70691 -0.03374 lineto
181.44145 -0.76439 lineto
169.74997 -7.51428 lineto
168.48451 -8.24493 lineto
157.40112 -14.64421 lineto
157.12729 -14.8022 157.12746 -15.19742 157.4012 -15.35545 curveto
168.48495 -21.75465 lineto
 closepath fill
 0 setgray
gsave newpath 169.71648 -22.46567 moveto
180.80023 -28.86487 lineto
181.07338 -29.02257 181.41571 -28.81876 181.41579 -28.49635 curveto
181.41563 -15.46358 lineto
181.4155 -15.00786 181.6699 -14.59286 182.06516 -14.36464 curveto
193.75664 -7.61476 lineto
194.14554 -7.39024 194.40617 -6.98915 194.40614 -6.54196 curveto
194.40613 6.02321 lineto
194.40607 6.333 194.06444 6.52362 193.79018 6.36536 curveto
182.70691 -0.03374 lineto
181.44145 -0.76439 lineto
169.74997 -7.51428 lineto
168.48451 -8.24493 lineto
157.40112 -14.64421 lineto
157.12729 -14.8022 157.12746 -15.19742 157.4012 -15.35545 curveto
168.48495 -21.75465 lineto
 closepath
[0.86603 -0.5 0.5 0.86603 0 0] concat stroke grestore
 0.4 setgray
newpath 156.33453 -27.43402 moveto
156.33496 -44.07584 lineto
156.33492 -45.7115 lineto
156.33516 -58.50883 lineto
156.33522 -58.8255 156.67111 -59.02603 156.93942 -58.8712 curveto
167.82103 -52.58931 lineto
168.20833 -52.36574 168.42537 -51.93947 168.42534 -51.49043 curveto
168.42537 -37.98996 lineto
168.4254 -37.53355 168.6576 -37.10573 169.05232 -36.87799 curveto
180.33992 -30.36165 lineto
180.61896 -30.20059 180.62402 -29.8018 180.35068 -29.64398 curveto
169.2659 -23.24472 lineto
168.03438 -22.53369 lineto
156.95042 -16.13438 lineto
156.66676 -15.97063 156.3351 -16.07039 156.33504 -16.31587 curveto
156.33458 -25.97278 lineto
 closepath fill
 0 setgray
gsave newpath 156.33453 -27.43402 moveto
156.33496 -44.07584 lineto
156.33492 -45.7115 lineto
156.33516 -58.50883 lineto
156.33522 -58.8255 156.67111 -59.02603 156.93942 -58.8712 curveto
167.82103 -52.58931 lineto
168.20833 -52.36574 168.42537 -51.93947 168.42534 -51.49043 curveto
168.42537 -37.98996 lineto
168.4254 -37.53355 168.6576 -37.10573 169.05232 -36.87799 curveto
180.33992 -30.36165 lineto
180.61896 -30.20059 180.62402 -29.8018 180.35068 -29.64398 curveto
169.2659 -23.24472 lineto
168.03438 -22.53369 lineto
156.95042 -16.13438 lineto
156.66676 -15.97063 156.3351 -16.07039 156.33504 -16.31587 curveto
156.33458 -25.97278 lineto
 closepath
[0.86603 -0.5 0.5 0.86603 0 0] concat stroke grestore
gsave newpath 89.83339 -37.38472 moveto
78.1417 -30.63454 lineto
77.73991 -30.40257 77.49248 -29.97374 77.49245 -29.50963 curveto
77.49223 -16.00957 lineto
77.4922 -15.54546 77.24477 -15.11664 76.84297 -14.88466 curveto
65.15128 -8.13448 lineto
64.74275 -7.89862 64.502 -7.45595 64.50206 -6.98343 curveto
64.50182 6.98395 lineto
64.50177 7.45676 64.74277 7.89934 65.1514 8.13516 curveto
76.84288 14.88506 lineto
77.24484 15.11708 77.4925 15.54602 77.49245 16.01013 curveto
77.49225 29.51021 lineto
77.49222 29.97432 77.73987 30.40326 78.14182 30.63528 curveto
89.8333 37.38518 lineto
90.23526 37.6172 90.48291 38.04614 90.48286 38.51027 curveto
90.48267 52.01033 lineto
90.48259 52.48215 90.74536 52.91212 91.15488 53.14853 curveto
103.25107 60.132 lineto
103.66025 60.36832 104.16399 60.38115 104.57251 60.1453 curveto
116.2642 53.39511 lineto
116.666 53.16313 117.16109 53.16327 117.56303 53.3953 curveto
129.25453 60.14519 lineto
129.65648 60.37721 130.15157 60.37732 130.55334 60.14536 curveto
142.24504 53.39517 lineto
142.64684 53.1632 143.14192 53.16333 143.54387 53.39536 curveto
155.23537 60.14525 lineto
155.64401 60.38107 156.14746 60.3687 156.55678 60.13239 curveto
168.65364 53.14828 lineto
169.06296 52.91196 169.32541 52.48213 169.32549 52.01033 curveto
169.3257 38.51025 lineto
169.32573 38.04614 169.57317 37.61731 169.97496 37.38535 curveto
181.66666 30.63516 lineto
182.06844 30.40318 182.31587 29.97438 182.3159 29.51027 curveto
182.31612 16.0102 lineto
182.31615 15.54608 182.56358 15.11725 182.96538 14.88528 curveto
194.65707 8.1351 lineto
195.0656 7.89923 195.30637 7.45656 195.3063 6.98404 curveto
195.30655 -6.9833 lineto
195.30658 -7.45615 195.0656 -7.89871 194.65695 -8.13455 curveto
182.96547 -14.88443 lineto
182.5635 -15.11647 182.31586 -15.54541 182.3159 -16.00952 curveto
182.3161 -29.5096 lineto
182.31613 -29.97371 182.06848 -30.40265 181.66653 -30.63467 curveto
169.97505 -37.38457 lineto
169.57309 -37.6166 169.32544 -38.04553 169.32549 -38.50964 curveto
169.32568 -52.00972 lineto
169.32578 -52.48152 169.06299 -52.91151 168.65349 -53.14789 curveto
156.5573 -60.1314 lineto
156.14812 -60.3677 155.64436 -60.38054 155.23584 -60.14467 curveto
143.54414 -53.39449 lineto
143.14235 -53.16252 142.64726 -53.16264 142.24532 -53.39467 curveto
130.55382 -60.14455 lineto
130.15187 -60.37657 129.65678 -60.37671 129.255 -60.14473 curveto
117.56331 -53.39455 lineto
117.16151 -53.16258 116.66643 -53.1627 116.26448 -53.39473 curveto
104.57298 -60.1446 lineto
104.16434 -60.38045 103.66089 -60.36807 103.25157 -60.13174 curveto
91.15471 -53.14764 lineto
90.74539 -52.91133 90.48294 -52.4815 90.48286 -52.00969 curveto
90.48265 -38.50963 lineto
90.48262 -38.04552 90.23518 -37.6167 89.83339 -37.38472 curveto closepath
[0.86603 -0.5 0.5 0.86603 0 0] concat stroke grestore
showpage
%%EOF
