%!PS
%%BoundingBox: -14 -90 110 224 
%%HiResBoundingBox: -13.84555 -89.16309 109.24533 223.69748 
%%Creator: MetaPost 0.901
%%CreationDate: 2008.09.19:1310
%%Pages: 1
%*Font: cmr10 9.96265 9.96265 28:c00000000000002
%%BeginProlog
%%EndProlog
%%Page: 1 1
newpath 1.24533 194.39978 moveto
1.24533 194.73006 1.11414 195.04681 0.88058 195.28036 curveto
0.64703 195.51392 0.33028 195.64511 0 195.64511 curveto
-0.33028 195.64511 -0.64703 195.51392 -0.88058 195.28036 curveto
-1.11414 195.04681 -1.24533 194.73006 -1.24533 194.39978 curveto
-1.24533 194.0695 -1.11414 193.75275 -0.88058 193.5192 curveto
-0.64703 193.28564 -0.33028 193.15445 0 193.15445 curveto
0.33028 193.15445 0.64703 193.28564 0.88058 193.5192 curveto
1.11414 193.75275 1.24533 194.0695 1.24533 194.39978 curveto closepath fill
newpath 109.24533 180 moveto
109.24533 180.33028 109.11414 180.64703 108.88058 180.88058 curveto
108.64703 181.11414 108.33028 181.24533 108 181.24533 curveto
107.66972 181.24533 107.35297 181.11414 107.11942 180.88058 curveto
106.88586 180.64703 106.75467 180.33028 106.75467 180 curveto
106.75467 179.66972 106.88586 179.35297 107.11942 179.11942 curveto
107.35297 178.88586 107.66972 178.75467 108 178.75467 curveto
108.33028 178.75467 108.64703 178.88586 108.88058 179.11942 curveto
109.11414 179.35297 109.24533 179.66972 109.24533 180 curveto closepath fill
newpath 1.24533 165.60022 moveto
1.24533 165.9305 1.11414 166.24725 0.88058 166.4808 curveto
0.64703 166.71436 0.33028 166.84555 0 166.84555 curveto
-0.33028 166.84555 -0.64703 166.71436 -0.88058 166.4808 curveto
-1.11414 166.24725 -1.24533 165.9305 -1.24533 165.60022 curveto
-1.24533 165.26994 -1.11414 164.95319 -0.88058 164.71964 curveto
-0.64703 164.48608 -0.33028 164.35489 0 164.35489 curveto
0.33028 164.35489 0.64703 164.48608 0.88058 164.71964 curveto
1.11414 164.95319 1.24533 165.26994 1.24533 165.60022 curveto closepath fill
newpath -11.35489 108 moveto
-11.35489 108.33028 -11.48608 108.64703 -11.71964 108.88058 curveto
-11.95319 109.11414 -12.26994 109.24533 -12.60022 109.24533 curveto
-12.9305 109.24533 -13.24725 109.11414 -13.4808 108.88058 curveto
-13.71436 108.64703 -13.84555 108.33028 -13.84555 108 curveto
-13.84555 107.66972 -13.71436 107.35297 -13.4808 107.11942 curveto
-13.24725 106.88586 -12.9305 106.75467 -12.60022 106.75467 curveto
-12.26994 106.75467 -11.95319 106.88586 -11.71964 107.11942 curveto
-11.48608 107.35297 -11.35489 107.66972 -11.35489 108 curveto closepath fill
newpath 13.84555 108 moveto
13.84555 108.33028 13.71436 108.64703 13.4808 108.88058 curveto
13.24725 109.11414 12.9305 109.24533 12.60022 109.24533 curveto
12.26994 109.24533 11.95319 109.11414 11.71964 108.88058 curveto
11.48608 108.64703 11.35489 108.33028 11.35489 108 curveto
11.35489 107.66972 11.48608 107.35297 11.71964 107.11942 curveto
11.95319 106.88586 12.26994 106.75467 12.60022 106.75467 curveto
12.9305 106.75467 13.24725 106.88586 13.4808 107.11942 curveto
13.71436 107.35297 13.84555 107.66972 13.84555 108 curveto closepath fill
newpath 109.24533 120.60022 moveto
109.24533 120.9305 109.11414 121.24725 108.88058 121.4808 curveto
108.64703 121.71436 108.33028 121.84555 108 121.84555 curveto
107.66972 121.84555 107.35297 121.71436 107.11942 121.4808 curveto
106.88586 121.24725 106.75467 120.9305 106.75467 120.60022 curveto
106.75467 120.26994 106.88586 119.95319 107.11942 119.71964 curveto
107.35297 119.48608 107.66972 119.35489 108 119.35489 curveto
108.33028 119.35489 108.64703 119.48608 108.88058 119.71964 curveto
109.11414 119.95319 109.24533 120.26994 109.24533 120.60022 curveto closepath
 fill
newpath 109.24533 95.39978 moveto
109.24533 95.73006 109.11414 96.04681 108.88058 96.28036 curveto
108.64703 96.51392 108.33028 96.64511 108 96.64511 curveto
107.66972 96.64511 107.35297 96.51392 107.11942 96.28036 curveto
106.88586 96.04681 106.75467 95.73006 106.75467 95.39978 curveto
106.75467 95.0695 106.88586 94.75275 107.11942 94.5192 curveto
107.35297 94.28564 107.66972 94.15445 108 94.15445 curveto
108.33028 94.15445 108.64703 94.28564 108.88058 94.5192 curveto
109.11414 94.75275 109.24533 95.0695 109.24533 95.39978 curveto closepath fill
newpath -11.35489 25.20044 moveto
-11.35489 25.53072 -11.48608 25.84747 -11.71964 26.08102 curveto
-11.95319 26.31458 -12.26994 26.44577 -12.60022 26.44577 curveto
-12.9305 26.44577 -13.24725 26.31458 -13.4808 26.08102 curveto
-13.71436 25.84747 -13.84555 25.53072 -13.84555 25.20044 curveto
-13.84555 24.87016 -13.71436 24.5534 -13.4808 24.31985 curveto
-13.24725 24.0863 -12.9305 23.95511 -12.60022 23.95511 curveto
-12.26994 23.95511 -11.95319 24.0863 -11.71964 24.31985 curveto
-11.48608 24.5534 -11.35489 24.87016 -11.35489 25.20044 curveto closepath fill
newpath 13.84555 25.20044 moveto
13.84555 25.53072 13.71436 25.84747 13.4808 26.08102 curveto
13.24725 26.31458 12.9305 26.44577 12.60022 26.44577 curveto
12.26994 26.44577 11.95319 26.31458 11.71964 26.08102 curveto
11.48608 25.84747 11.35489 25.53072 11.35489 25.20044 curveto
11.35489 24.87016 11.48608 24.5534 11.71964 24.31985 curveto
11.95319 24.0863 12.26994 23.95511 12.60022 23.95511 curveto
12.9305 23.95511 13.24725 24.0863 13.4808 24.31985 curveto
13.71436 24.5534 13.84555 24.87016 13.84555 25.20044 curveto closepath fill
newpath 109.24533 12.60022 moveto
109.24533 12.9305 109.11414 13.24725 108.88058 13.4808 curveto
108.64703 13.71436 108.33028 13.84555 108 13.84555 curveto
107.66972 13.84555 107.35297 13.71436 107.11942 13.4808 curveto
106.88586 13.24725 106.75467 12.9305 106.75467 12.60022 curveto
106.75467 12.26994 106.88586 11.95319 107.11942 11.71964 curveto
107.35297 11.48608 107.66972 11.35489 108 11.35489 curveto
108.33028 11.35489 108.64703 11.48608 108.88058 11.71964 curveto
109.11414 11.95319 109.24533 12.26994 109.24533 12.60022 curveto closepath fill
newpath 109.24533 -12.60022 moveto
109.24533 -12.26994 109.11414 -11.95319 108.88058 -11.71964 curveto
108.64703 -11.48608 108.33028 -11.35489 108 -11.35489 curveto
107.66972 -11.35489 107.35297 -11.48608 107.11942 -11.71964 curveto
106.88586 -11.95319 106.75467 -12.26994 106.75467 -12.60022 curveto
106.75467 -12.9305 106.88586 -13.24725 107.11942 -13.4808 curveto
107.35297 -13.71436 107.66972 -13.84555 108 -13.84555 curveto
108.33028 -13.84555 108.64703 -13.71436 108.88058 -13.4808 curveto
109.11414 -13.24725 109.24533 -12.9305 109.24533 -12.60022 curveto closepath
 fill
newpath -11.35489 -25.20044 moveto
-11.35489 -24.87016 -11.48608 -24.5534 -11.71964 -24.31985 curveto
-11.95319 -24.0863 -12.26994 -23.95511 -12.60022 -23.95511 curveto
-12.9305 -23.95511 -13.24725 -24.0863 -13.4808 -24.31985 curveto
-13.71436 -24.5534 -13.84555 -24.87016 -13.84555 -25.20044 curveto
-13.84555 -25.53072 -13.71436 -25.84747 -13.4808 -26.08102 curveto
-13.24725 -26.31458 -12.9305 -26.44577 -12.60022 -26.44577 curveto
-12.26994 -26.44577 -11.95319 -26.31458 -11.71964 -26.08102 curveto
-11.48608 -25.84747 -11.35489 -25.53072 -11.35489 -25.20044 curveto closepath
 fill
newpath 13.84555 -25.20044 moveto
13.84555 -24.87016 13.71436 -24.5534 13.4808 -24.31985 curveto
13.24725 -24.0863 12.9305 -23.95511 12.60022 -23.95511 curveto
12.26994 -23.95511 11.95319 -24.0863 11.71964 -24.31985 curveto
11.48608 -24.5534 11.35489 -24.87016 11.35489 -25.20044 curveto
11.35489 -25.53072 11.48608 -25.84747 11.71964 -26.08102 curveto
11.95319 -26.31458 12.26994 -26.44577 12.60022 -26.44577 curveto
12.9305 -26.44577 13.24725 -26.31458 13.4808 -26.08102 curveto
13.71436 -25.84747 13.84555 -25.53072 13.84555 -25.20044 curveto closepath fill
 0 0.3985 dtransform truncate idtransform setlinewidth pop [] 0 setdash
 1 setlinecap 1 setlinejoin 10 setmiterlimit
newpath 0 194.39978 moveto
108 180 lineto
0 165.60022 lineto stroke
newpath -12.60022 108 moveto
12.60022 108 lineto
108 120.60022 lineto
108 95.39978 lineto
12.60022 108 lineto stroke
newpath -12.60022 25.20044 moveto
12.60022 25.20044 lineto
108 12.60022 lineto
108 -12.60022 lineto
12.60022 25.20044 lineto stroke
newpath -12.60022 -25.20044 moveto
12.60022 -25.20044 lineto
108 12.60022 lineto
108 -12.60022 lineto
12.60022 -25.20044 lineto stroke
 0.99626 0 dtransform exch truncate exch idtransform pop setlinewidth
 [0 5 ] 2.5 setdash
newpath 54 -54 moveto
54 223.19934 lineto stroke
47.35822 -86.67242 moveto
(\(b\)) cmr10 9.96265 fshow
showpage
%%EOF
