%!PS
%%BoundingBox: -14 -90 110 69 
%%HiResBoundingBox: -13.84555 -89.16309 109.24533 68.89792 
%%Creator: MetaPost 0.901
%%CreationDate: 2008.09.19:1310
%%Pages: 1
%*Font: cmr10 9.96265 9.96265 28:c00000000000002
%%BeginProlog
%%EndProlog
%%Page: 1 1
newpath 109.24533 37.80066 moveto
109.24533 38.13094 109.11414 38.4477 108.88058 38.68124 curveto
108.64703 38.9148 108.33028 39.04599 108 39.04599 curveto
107.66972 39.04599 107.35297 38.9148 107.11942 38.68124 curveto
106.88586 38.4477 106.75467 38.13094 106.75467 37.80066 curveto
106.75467 37.47038 106.88586 37.15363 107.11942 36.92007 curveto
107.35297 36.68652 107.66972 36.55533 108 36.55533 curveto
108.33028 36.55533 108.64703 36.68652 108.88058 36.92007 curveto
109.11414 37.15363 109.24533 37.47038 109.24533 37.80066 curveto closepath fill
newpath 109.24533 12.60022 moveto
109.24533 12.9305 109.11414 13.24725 108.88058 13.4808 curveto
108.64703 13.71436 108.33028 13.84555 108 13.84555 curveto
107.66972 13.84555 107.35297 13.71436 107.11942 13.4808 curveto
106.88586 13.24725 106.75467 12.9305 106.75467 12.60022 curveto
106.75467 12.26994 106.88586 11.95319 107.11942 11.71964 curveto
107.35297 11.48608 107.66972 11.35489 108 11.35489 curveto
108.33028 11.35489 108.64703 11.48608 108.88058 11.71964 curveto
109.11414 11.95319 109.24533 12.26994 109.24533 12.60022 curveto closepath fill
newpath -11.35489 0 moveto
-11.35489 0.33028 -11.48608 0.64703 -11.71964 0.88058 curveto
-11.95319 1.11414 -12.26994 1.24533 -12.60022 1.24533 curveto
-12.9305 1.24533 -13.24725 1.11414 -13.4808 0.88058 curveto
-13.71436 0.64703 -13.84555 0.33028 -13.84555 0 curveto
-13.84555 -0.33028 -13.71436 -0.64703 -13.4808 -0.88058 curveto
-13.24725 -1.11414 -12.9305 -1.24533 -12.60022 -1.24533 curveto
-12.26994 -1.24533 -11.95319 -1.11414 -11.71964 -0.88058 curveto
-11.48608 -0.64703 -11.35489 -0.33028 -11.35489 0 curveto closepath fill
newpath 13.84555 0 moveto
13.84555 0.33028 13.71436 0.64703 13.4808 0.88058 curveto
13.24725 1.11414 12.9305 1.24533 12.60022 1.24533 curveto
12.26994 1.24533 11.95319 1.11414 11.71964 0.88058 curveto
11.48608 0.64703 11.35489 0.33028 11.35489 0 curveto
11.35489 -0.33028 11.48608 -0.64703 11.71964 -0.88058 curveto
11.95319 -1.11414 12.26994 -1.24533 12.60022 -1.24533 curveto
12.9305 -1.24533 13.24725 -1.11414 13.4808 -0.88058 curveto
13.71436 -0.64703 13.84555 -0.33028 13.84555 0 curveto closepath fill
newpath 109.24533 -12.60022 moveto
109.24533 -12.26994 109.11414 -11.95319 108.88058 -11.71964 curveto
108.64703 -11.48608 108.33028 -11.35489 108 -11.35489 curveto
107.66972 -11.35489 107.35297 -11.48608 107.11942 -11.71964 curveto
106.88586 -11.95319 106.75467 -12.26994 106.75467 -12.60022 curveto
106.75467 -12.9305 106.88586 -13.24725 107.11942 -13.4808 curveto
107.35297 -13.71436 107.66972 -13.84555 108 -13.84555 curveto
108.33028 -13.84555 108.64703 -13.71436 108.88058 -13.4808 curveto
109.11414 -13.24725 109.24533 -12.9305 109.24533 -12.60022 curveto closepath
 fill
newpath 109.24533 -37.80066 moveto
109.24533 -37.47038 109.11414 -37.15363 108.88058 -36.92007 curveto
108.64703 -36.68652 108.33028 -36.55533 108 -36.55533 curveto
107.66972 -36.55533 107.35297 -36.68652 107.11942 -36.92007 curveto
106.88586 -37.15363 106.75467 -37.47038 106.75467 -37.80066 curveto
106.75467 -38.13094 106.88586 -38.4477 107.11942 -38.68124 curveto
107.35297 -38.9148 107.66972 -39.04599 108 -39.04599 curveto
108.33028 -39.04599 108.64703 -38.9148 108.88058 -38.68124 curveto
109.11414 -38.4477 109.24533 -38.13094 109.24533 -37.80066 curveto closepath
 fill
 0 0.3985 dtransform truncate idtransform setlinewidth pop [] 0 setdash
 1 setlinecap 1 setlinejoin 10 setmiterlimit
newpath -12.60022 0 moveto
12.60022 0 lineto
108 37.80066 lineto
108 12.60022 lineto
12.60022 0 lineto stroke
newpath 12.60022 0 moveto
108 -12.60022 lineto
108 -37.80066 lineto
12.60022 0 lineto stroke
 0.99626 0 dtransform exch truncate exch idtransform pop setlinewidth
 [0 5 ] 2.5 setdash
newpath 54 -54 moveto
54 68.39978 lineto stroke
47.35822 -86.67242 moveto
(\(b\)) cmr10 9.96265 fshow
showpage
%%EOF
