%!PS
%%BoundingBox: 0 0 237 72 
%%HiResBoundingBox: 0 0 236.71477 72 
%%Creator: MetaPost 0.901
%%CreationDate: 2008.05.15:1243
%%Pages: 1
%%BeginProlog
%%EndProlog
%%Page: 1 1
%%%ExactBoundingBox: 0 0 236.71477 72
newpath 119.85739 0 moveto
119.85739 0.39783 119.69936 0.77934 119.41805 1.06065 curveto
119.13673 1.34196 118.75522 1.5 118.35739 1.5 curveto
117.95956 1.5 117.57805 1.34196 117.29674 1.06065 curveto
117.01543 0.77934 116.85739 0.39783 116.85739 0 curveto
116.85739 -0.39783 117.01543 -0.77934 117.29674 -1.06065 curveto
117.57805 -1.34196 117.95956 -1.5 118.35739 -1.5 curveto
118.75522 -1.5 119.13673 -1.34196 119.41805 -1.06065 curveto
119.69936 -0.77934 119.85739 -0.39783 119.85739 0 curveto closepath fill
newpath 104.26889 9 moveto
104.26889 9.39783 104.11086 9.77934 103.82954 10.06065 curveto
103.54823 10.34196 103.16672 10.5 102.76889 10.5 curveto
102.37106 10.5 101.98955 10.34196 101.70824 10.06065 curveto
101.42693 9.77934 101.26889 9.39783 101.26889 9 curveto
101.26889 8.60217 101.42693 8.22066 101.70824 7.93935 curveto
101.98955 7.65804 102.37106 7.5 102.76889 7.5 curveto
103.16672 7.5 103.54823 7.65804 103.82954 7.93935 curveto
104.11086 8.22066 104.26889 8.60217 104.26889 9 curveto closepath fill
newpath 88.68039 18 moveto
88.68039 18.39783 88.52235 18.77934 88.24104 19.06065 curveto
87.95973 19.34196 87.57822 19.5 87.18039 19.5 curveto
86.78256 19.5 86.40105 19.34196 86.11974 19.06065 curveto
85.83842 18.77934 85.68039 18.39783 85.68039 18 curveto
85.68039 17.60217 85.83842 17.22066 86.11974 16.93935 curveto
86.40105 16.65804 86.78256 16.5 87.18039 16.5 curveto
87.57822 16.5 87.95973 16.65804 88.24104 16.93935 curveto
88.52235 17.22066 88.68039 17.60217 88.68039 18 curveto closepath fill
newpath 73.09189 27 moveto
73.09189 27.39783 72.93385 27.77934 72.65254 28.06065 curveto
72.37123 28.34196 71.98972 28.5 71.59189 28.5 curveto
71.19406 28.5 70.81255 28.34196 70.53123 28.06065 curveto
70.24992 27.77934 70.09189 27.39783 70.09189 27 curveto
70.09189 26.60217 70.24992 26.22066 70.53123 25.93935 curveto
70.81255 25.65804 71.19406 25.5 71.59189 25.5 curveto
71.98972 25.5 72.37123 25.65804 72.65254 25.93935 curveto
72.93385 26.22066 73.09189 26.60217 73.09189 27 curveto closepath fill
newpath 57.50339 36 moveto
57.50339 36.39783 57.34535 36.77934 57.06404 37.06065 curveto
56.78273 37.34196 56.40121 37.5 56.00339 37.5 curveto
55.60556 37.5 55.22404 37.34196 54.94273 37.06065 curveto
54.66142 36.77934 54.50339 36.39783 54.50339 36 curveto
54.50339 35.60217 54.66142 35.22066 54.94273 34.93935 curveto
55.22404 34.65804 55.60556 34.5 56.00339 34.5 curveto
56.40121 34.5 56.78273 34.65804 57.06404 34.93935 curveto
57.34535 35.22066 57.50339 35.60217 57.50339 36 curveto closepath fill
newpath 135.44589 9 moveto
135.44589 9.39783 135.28786 9.77934 135.00655 10.06065 curveto
134.72523 10.34196 134.34372 10.5 133.94589 10.5 curveto
133.54807 10.5 133.16655 10.34196 132.88524 10.06065 curveto
132.60393 9.77934 132.44589 9.39783 132.44589 9 curveto
132.44589 8.60217 132.60393 8.22066 132.88524 7.93935 curveto
133.16655 7.65804 133.54807 7.5 133.94589 7.5 curveto
134.34372 7.5 134.72523 7.65804 135.00655 7.93935 curveto
135.28786 8.22066 135.44589 8.60217 135.44589 9 curveto closepath fill
newpath 119.85739 18 moveto
119.85739 18.39783 119.69936 18.77934 119.41805 19.06065 curveto
119.13673 19.34196 118.75522 19.5 118.35739 19.5 curveto
117.95956 19.5 117.57805 19.34196 117.29674 19.06065 curveto
117.01543 18.77934 116.85739 18.39783 116.85739 18 curveto
116.85739 17.60217 117.01543 17.22066 117.29674 16.93935 curveto
117.57805 16.65804 117.95956 16.5 118.35739 16.5 curveto
118.75522 16.5 119.13673 16.65804 119.41805 16.93935 curveto
119.69936 17.22066 119.85739 17.60217 119.85739 18 curveto closepath fill
newpath 104.26889 27 moveto
104.26889 27.39783 104.11086 27.77934 103.82954 28.06065 curveto
103.54823 28.34196 103.16672 28.5 102.76889 28.5 curveto
102.37106 28.5 101.98955 28.34196 101.70824 28.06065 curveto
101.42693 27.77934 101.26889 27.39783 101.26889 27 curveto
101.26889 26.60217 101.42693 26.22066 101.70824 25.93935 curveto
101.98955 25.65804 102.37106 25.5 102.76889 25.5 curveto
103.16672 25.5 103.54823 25.65804 103.82954 25.93935 curveto
104.11086 26.22066 104.26889 26.60217 104.26889 27 curveto closepath fill
newpath 88.68039 36 moveto
88.68039 36.39783 88.52235 36.77934 88.24104 37.06065 curveto
87.95973 37.34196 87.57822 37.5 87.18039 37.5 curveto
86.78256 37.5 86.40105 37.34196 86.11974 37.06065 curveto
85.83842 36.77934 85.68039 36.39783 85.68039 36 curveto
85.68039 35.60217 85.83842 35.22066 86.11974 34.93935 curveto
86.40105 34.65804 86.78256 34.5 87.18039 34.5 curveto
87.57822 34.5 87.95973 34.65804 88.24104 34.93935 curveto
88.52235 35.22066 88.68039 35.60217 88.68039 36 curveto closepath fill
newpath 73.09189 45 moveto
73.09189 45.39783 72.93385 45.77934 72.65254 46.06065 curveto
72.37123 46.34196 71.98972 46.5 71.59189 46.5 curveto
71.19406 46.5 70.81255 46.34196 70.53123 46.06065 curveto
70.24992 45.77934 70.09189 45.39783 70.09189 45 curveto
70.09189 44.60217 70.24992 44.22066 70.53123 43.93935 curveto
70.81255 43.65804 71.19406 43.5 71.59189 43.5 curveto
71.98972 43.5 72.37123 43.65804 72.65254 43.93935 curveto
72.93385 44.22066 73.09189 44.60217 73.09189 45 curveto closepath fill
newpath 151.0344 18 moveto
151.0344 18.39783 150.87636 18.77934 150.59505 19.06065 curveto
150.31374 19.34196 149.93222 19.5 149.5344 19.5 curveto
149.13657 19.5 148.75505 19.34196 148.47374 19.06065 curveto
148.19243 18.77934 148.0344 18.39783 148.0344 18 curveto
148.0344 17.60217 148.19243 17.22066 148.47374 16.93935 curveto
148.75505 16.65804 149.13657 16.5 149.5344 16.5 curveto
149.93222 16.5 150.31374 16.65804 150.59505 16.93935 curveto
150.87636 17.22066 151.0344 17.60217 151.0344 18 curveto closepath fill
newpath 135.44589 27 moveto
135.44589 27.39783 135.28786 27.77934 135.00655 28.06065 curveto
134.72523 28.34196 134.34372 28.5 133.94589 28.5 curveto
133.54807 28.5 133.16655 28.34196 132.88524 28.06065 curveto
132.60393 27.77934 132.44589 27.39783 132.44589 27 curveto
132.44589 26.60217 132.60393 26.22066 132.88524 25.93935 curveto
133.16655 25.65804 133.54807 25.5 133.94589 25.5 curveto
134.34372 25.5 134.72523 25.65804 135.00655 25.93935 curveto
135.28786 26.22066 135.44589 26.60217 135.44589 27 curveto closepath fill
newpath 119.85739 36 moveto
119.85739 36.39783 119.69936 36.77934 119.41805 37.06065 curveto
119.13673 37.34196 118.75522 37.5 118.35739 37.5 curveto
117.95956 37.5 117.57805 37.34196 117.29674 37.06065 curveto
117.01543 36.77934 116.85739 36.39783 116.85739 36 curveto
116.85739 35.60217 117.01543 35.22066 117.29674 34.93935 curveto
117.57805 34.65804 117.95956 34.5 118.35739 34.5 curveto
118.75522 34.5 119.13673 34.65804 119.41805 34.93935 curveto
119.69936 35.22066 119.85739 35.60217 119.85739 36 curveto closepath fill
newpath 104.26889 45 moveto
104.26889 45.39783 104.11086 45.77934 103.82954 46.06065 curveto
103.54823 46.34196 103.16672 46.5 102.76889 46.5 curveto
102.37106 46.5 101.98955 46.34196 101.70824 46.06065 curveto
101.42693 45.77934 101.26889 45.39783 101.26889 45 curveto
101.26889 44.60217 101.42693 44.22066 101.70824 43.93935 curveto
101.98955 43.65804 102.37106 43.5 102.76889 43.5 curveto
103.16672 43.5 103.54823 43.65804 103.82954 43.93935 curveto
104.11086 44.22066 104.26889 44.60217 104.26889 45 curveto closepath fill
newpath 88.68039 54 moveto
88.68039 54.39783 88.52235 54.77934 88.24104 55.06065 curveto
87.95973 55.34196 87.57822 55.5 87.18039 55.5 curveto
86.78256 55.5 86.40105 55.34196 86.11974 55.06065 curveto
85.83842 54.77934 85.68039 54.39783 85.68039 54 curveto
85.68039 53.60217 85.83842 53.22066 86.11974 52.93935 curveto
86.40105 52.65804 86.78256 52.5 87.18039 52.5 curveto
87.57822 52.5 87.95973 52.65804 88.24104 52.93935 curveto
88.52235 53.22066 88.68039 53.60217 88.68039 54 curveto closepath fill
newpath 166.6229 27 moveto
166.6229 27.39783 166.46486 27.77934 166.18355 28.06065 curveto
165.90224 28.34196 165.52072 28.5 165.1229 28.5 curveto
164.72507 28.5 164.34355 28.34196 164.06224 28.06065 curveto
163.78093 27.77934 163.6229 27.39783 163.6229 27 curveto
163.6229 26.60217 163.78093 26.22066 164.06224 25.93935 curveto
164.34355 25.65804 164.72507 25.5 165.1229 25.5 curveto
165.52072 25.5 165.90224 25.65804 166.18355 25.93935 curveto
166.46486 26.22066 166.6229 26.60217 166.6229 27 curveto closepath fill
newpath 151.0344 36 moveto
151.0344 36.39783 150.87636 36.77934 150.59505 37.06065 curveto
150.31374 37.34196 149.93222 37.5 149.5344 37.5 curveto
149.13657 37.5 148.75505 37.34196 148.47374 37.06065 curveto
148.19243 36.77934 148.0344 36.39783 148.0344 36 curveto
148.0344 35.60217 148.19243 35.22066 148.47374 34.93935 curveto
148.75505 34.65804 149.13657 34.5 149.5344 34.5 curveto
149.93222 34.5 150.31374 34.65804 150.59505 34.93935 curveto
150.87636 35.22066 151.0344 35.60217 151.0344 36 curveto closepath fill
newpath 135.44589 45 moveto
135.44589 45.39783 135.28786 45.77934 135.00655 46.06065 curveto
134.72523 46.34196 134.34372 46.5 133.94589 46.5 curveto
133.54807 46.5 133.16655 46.34196 132.88524 46.06065 curveto
132.60393 45.77934 132.44589 45.39783 132.44589 45 curveto
132.44589 44.60217 132.60393 44.22066 132.88524 43.93935 curveto
133.16655 43.65804 133.54807 43.5 133.94589 43.5 curveto
134.34372 43.5 134.72523 43.65804 135.00655 43.93935 curveto
135.28786 44.22066 135.44589 44.60217 135.44589 45 curveto closepath fill
newpath 119.85739 54 moveto
119.85739 54.39783 119.69936 54.77934 119.41805 55.06065 curveto
119.13673 55.34196 118.75522 55.5 118.35739 55.5 curveto
117.95956 55.5 117.57805 55.34196 117.29674 55.06065 curveto
117.01543 54.77934 116.85739 54.39783 116.85739 54 curveto
116.85739 53.60217 117.01543 53.22066 117.29674 52.93935 curveto
117.57805 52.65804 117.95956 52.5 118.35739 52.5 curveto
118.75522 52.5 119.13673 52.65804 119.41805 52.93935 curveto
119.69936 53.22066 119.85739 53.60217 119.85739 54 curveto closepath fill
newpath 104.26889 63 moveto
104.26889 63.39783 104.11086 63.77934 103.82954 64.06065 curveto
103.54823 64.34196 103.16672 64.5 102.76889 64.5 curveto
102.37106 64.5 101.98955 64.34196 101.70824 64.06065 curveto
101.42693 63.77934 101.26889 63.39783 101.26889 63 curveto
101.26889 62.60217 101.42693 62.22066 101.70824 61.93935 curveto
101.98955 61.65804 102.37106 61.5 102.76889 61.5 curveto
103.16672 61.5 103.54823 61.65804 103.82954 61.93935 curveto
104.11086 62.22066 104.26889 62.60217 104.26889 63 curveto closepath fill
newpath 182.2114 36 moveto
182.2114 36.39783 182.05336 36.77934 181.77205 37.06065 curveto
181.49074 37.34196 181.10922 37.5 180.7114 37.5 curveto
180.31357 37.5 179.93205 37.34196 179.65074 37.06065 curveto
179.36943 36.77934 179.2114 36.39783 179.2114 36 curveto
179.2114 35.60217 179.36943 35.22066 179.65074 34.93935 curveto
179.93205 34.65804 180.31357 34.5 180.7114 34.5 curveto
181.10922 34.5 181.49074 34.65804 181.77205 34.93935 curveto
182.05336 35.22066 182.2114 35.60217 182.2114 36 curveto closepath fill
newpath 166.6229 45 moveto
166.6229 45.39783 166.46486 45.77934 166.18355 46.06065 curveto
165.90224 46.34196 165.52072 46.5 165.1229 46.5 curveto
164.72507 46.5 164.34355 46.34196 164.06224 46.06065 curveto
163.78093 45.77934 163.6229 45.39783 163.6229 45 curveto
163.6229 44.60217 163.78093 44.22066 164.06224 43.93935 curveto
164.34355 43.65804 164.72507 43.5 165.1229 43.5 curveto
165.52072 43.5 165.90224 43.65804 166.18355 43.93935 curveto
166.46486 44.22066 166.6229 44.60217 166.6229 45 curveto closepath fill
newpath 151.0344 54 moveto
151.0344 54.39783 150.87636 54.77934 150.59505 55.06065 curveto
150.31374 55.34196 149.93222 55.5 149.5344 55.5 curveto
149.13657 55.5 148.75505 55.34196 148.47374 55.06065 curveto
148.19243 54.77934 148.0344 54.39783 148.0344 54 curveto
148.0344 53.60217 148.19243 53.22066 148.47374 52.93935 curveto
148.75505 52.65804 149.13657 52.5 149.5344 52.5 curveto
149.93222 52.5 150.31374 52.65804 150.59505 52.93935 curveto
150.87636 53.22066 151.0344 53.60217 151.0344 54 curveto closepath fill
newpath 135.44589 63 moveto
135.44589 63.39783 135.28786 63.77934 135.00655 64.06065 curveto
134.72523 64.34196 134.34372 64.5 133.94589 64.5 curveto
133.54807 64.5 133.16655 64.34196 132.88524 64.06065 curveto
132.60393 63.77934 132.44589 63.39783 132.44589 63 curveto
132.44589 62.60217 132.60393 62.22066 132.88524 61.93935 curveto
133.16655 61.65804 133.54807 61.5 133.94589 61.5 curveto
134.34372 61.5 134.72523 61.65804 135.00655 61.93935 curveto
135.28786 62.22066 135.44589 62.60217 135.44589 63 curveto closepath fill
newpath 119.85739 72 moveto
119.85739 72.39783 119.69936 72.77934 119.41805 73.06065 curveto
119.13673 73.34196 118.75522 73.5 118.35739 73.5 curveto
117.95956 73.5 117.57805 73.34196 117.29674 73.06065 curveto
117.01543 72.77934 116.85739 72.39783 116.85739 72 curveto
116.85739 71.60217 117.01543 71.22066 117.29674 70.93935 curveto
117.57805 70.65804 117.95956 70.5 118.35739 70.5 curveto
118.75522 70.5 119.13673 70.65804 119.41805 70.93935 curveto
119.69936 71.22066 119.85739 71.60217 119.85739 72 curveto closepath fill
 0.5 0 dtransform exch truncate exch idtransform pop setlinewidth [] 0 setdash
 1 setlinecap 1 setlinejoin 10 setmiterlimit
newpath 118.35739 0 moveto
118.35739 72 lineto stroke
newpath 133.94589 9 moveto
133.94589 63 lineto stroke
newpath 102.76889 9 moveto
102.76889 63 lineto stroke
newpath 149.5344 18 moveto
149.5344 54 lineto stroke
newpath 87.18039 18 moveto
87.18039 54 lineto stroke
newpath 165.1229 27 moveto
165.1229 45 lineto stroke
newpath 71.59189 27 moveto
71.59189 45 lineto stroke
 0 0.5 dtransform truncate idtransform setlinewidth pop
newpath 118.35739 0 moveto
180.7114 36 lineto stroke
newpath 118.35739 0 moveto
56.00339 36 lineto stroke
newpath 102.76889 9 moveto
165.1229 45 lineto stroke
newpath 133.94589 9 moveto
71.59189 45 lineto stroke
newpath 87.18039 18 moveto
149.5344 54 lineto stroke
newpath 149.5344 18 moveto
87.18039 54 lineto stroke
newpath 71.59189 27 moveto
133.94589 63 lineto stroke
newpath 165.1229 27 moveto
102.76889 63 lineto stroke
newpath 56.00339 36 moveto
118.35739 72 lineto stroke
newpath 180.7114 36 moveto
118.35739 72 lineto stroke
showpage
%%EOF
