%!PS
%%BoundingBox: 0 0 237 144 
%%HiResBoundingBox: 0 0 236.71477 144 
%%Creator: MetaPost 0.901
%%CreationDate: 2008.05.15:1243
%%Pages: 1
%%BeginProlog
%%EndProlog
%%Page: 1 1
%%%ExactBoundingBox: 0 0 236.71477 144
newpath 142.89792 72 moveto
142.89792 72.39783 142.73988 72.77934 142.45857 73.06065 curveto
142.17726 73.34196 141.79575 73.5 141.39792 73.5 curveto
141.00009 73.5 140.61858 73.34196 140.33727 73.06065 curveto
140.05595 72.77934 139.89792 72.39783 139.89792 72 curveto
139.89792 71.60217 140.05595 71.22066 140.33727 70.93935 curveto
140.61858 70.65804 141.00009 70.5 141.39792 70.5 curveto
141.79575 70.5 142.17726 70.65804 142.45857 70.93935 curveto
142.73988 71.22066 142.89792 71.60217 142.89792 72 curveto closepath fill
newpath 155.85818 75.60022 moveto
155.85818 75.99805 155.70015 76.37956 155.41884 76.66087 curveto
155.13753 76.94218 154.75601 77.10022 154.35818 77.10022 curveto
153.96036 77.10022 153.57884 76.94218 153.29753 76.66087 curveto
153.01622 76.37956 152.85818 75.99805 152.85818 75.60022 curveto
152.85818 75.2024 153.01622 74.82088 153.29753 74.53957 curveto
153.57884 74.25826 153.96036 74.10022 154.35818 74.10022 curveto
154.75601 74.10022 155.13753 74.25826 155.41884 74.53957 curveto
155.70015 74.82088 155.85818 75.2024 155.85818 75.60022 curveto closepath fill
newpath 173.13809 75.60022 moveto
173.13809 75.99805 172.98006 76.37956 172.69875 76.66087 curveto
172.41743 76.94218 172.03592 77.10022 171.63809 77.10022 curveto
171.24026 77.10022 170.85875 76.94218 170.57744 76.66087 curveto
170.29613 76.37956 170.13809 75.99805 170.13809 75.60022 curveto
170.13809 75.2024 170.29613 74.82088 170.57744 74.53957 curveto
170.85875 74.25826 171.24026 74.10022 171.63809 74.10022 curveto
172.03592 74.10022 172.41743 74.25826 172.69875 74.53957 curveto
172.98006 74.82088 173.13809 75.2024 173.13809 75.60022 curveto closepath fill
newpath 186.09836 72 moveto
186.09836 72.39783 185.94032 72.77934 185.65901 73.06065 curveto
185.3777 73.34196 184.99619 73.5 184.59836 73.5 curveto
184.20053 73.5 183.81902 73.34196 183.5377 73.06065 curveto
183.2564 72.77934 183.09836 72.39783 183.09836 72 curveto
183.09836 71.60217 183.2564 71.22066 183.5377 70.93935 curveto
183.81902 70.65804 184.20053 70.5 184.59836 70.5 curveto
184.99619 70.5 185.3777 70.65804 185.65901 70.93935 curveto
185.94032 71.22066 186.09836 71.60217 186.09836 72 curveto closepath fill
 0 0.5 dtransform truncate idtransform setlinewidth pop [] 0 setdash
 1 setlinecap 1 setlinejoin 10 setmiterlimit
newpath 141.39792 72 moveto
143.79947 73.26611 146.36873 74.11748 149.0096 74.71088 curveto stroke
newpath 145.86923 72.23341 moveto
146.86383 73.1194 147.9166 73.94086 149.0096 74.71088 curveto
147.69226 74.93927 146.36697 75.10286 145.0372 75.1797 curveto
 closepath
gsave fill grestore stroke
newpath 149.0096 74.71088 moveto
150.77013 75.10648 152.56248 75.38744 154.35818 75.60022 curveto
157.80215 76.0083 161.2678 76.17154 164.72913 76.0899 curveto stroke
newpath 161.03928 74.54562 moveto
162.255 75.09381 163.4854 75.60876 164.72913 76.0899 curveto
163.50948 76.62915 162.27533 77.13507 161.02808 77.60712 curveto
 closepath
gsave fill grestore stroke
newpath 164.72913 76.0899 moveto
167.0366 76.03549 169.34216 75.87227 171.63809 75.60022 curveto
174.33171 75.28105 177.01779 74.80846 179.60023 74.02565 curveto stroke
newpath 175.64677 73.4171 moveto
176.95671 73.6848 178.27568 73.89491 179.60023 74.02565 curveto
178.57121 74.86983 177.48997 75.65392 176.37444 76.39091 curveto
 closepath
gsave fill grestore stroke
newpath 179.60023 74.02565 moveto
181.32182 73.50378 182.99736 72.84406 184.59836 72 curveto stroke
newpath 184.59836 71.9987 moveto
180.59581 69.88852 176.12741 68.93044 171.63809 68.39848 curveto
168.19412 67.9904 164.72847 67.82716 161.26715 67.9088 curveto stroke
newpath 164.957 69.45308 moveto
163.74127 68.90489 162.51088 68.38994 161.26715 67.9088 curveto
162.4868 67.36955 163.72095 66.86363 164.9682 66.39159 curveto
 closepath
gsave fill grestore stroke
newpath 161.26715 67.9088 moveto
158.95967 67.96321 156.65411 68.12643 154.35818 68.39848 curveto
149.86887 68.93044 145.40047 69.88853 141.39792 71.9987 curveto stroke
newpath 141.39792 72 moveto
141.39792 75.5059 140.59967 78.91641 139.11617 81.99692 curveto stroke
newpath 141.85623 79.08286 moveto
141.02765 80.1336 140.11046 81.10838 139.11617 81.99692 curveto
139.19093 80.66557 139.15018 79.32773 138.99307 77.99884 curveto
 closepath
gsave fill grestore stroke
newpath 154.35818 75.60022 moveto
153.83229 80.85901 152.17068 85.86548 149.56198 90.31096 curveto stroke
newpath 152.61446 87.7258 moveto
151.6445 88.64398 150.62534 89.50693 149.56198 90.31096 curveto
149.74533 88.99051 149.85577 87.65967 149.89235 86.32455 curveto
 closepath
gsave fill grestore stroke
newpath 171.63809 75.60022 moveto
171.14507 82.89674 169.16893 89.91354 165.9269 96.26802 curveto stroke
newpath 168.87073 93.55966 moveto
167.92293 94.49954 166.94092 95.40291 165.9269 96.26802 curveto
166.03217 94.93929 166.08775 93.60611 166.09332 92.27133 curveto
 closepath
gsave fill grestore stroke
newpath 184.59836 72 moveto
184.59836 81.07137 182.73949 89.92058 179.25856 98.05595 curveto stroke
newpath 182.03398 95.17552 moveto
181.13759 96.16388 180.21198 97.12445 179.25856 98.05595 curveto
179.27402 96.72311 179.24928 95.3894 179.18422 94.05666 curveto
 closepath
gsave fill grestore stroke
newpath 139.11617 81.99692 moveto
137.63268 85.07741 135.46393 87.8279 132.72292 90.01378 curveto stroke
newpath 149.56198 90.31096 moveto
146.73584 95.12697 142.79816 99.28455 137.98874 102.3912 curveto stroke
newpath 165.9269 96.26802 moveto
161.96436 104.0347 156.11073 110.81195 148.76259 115.90115 curveto stroke
newpath 179.25856 98.05595 moveto
175.00404 107.99933 168.32637 116.87631 159.65793 123.78917 curveto stroke
newpath 133.65814 91.18652 moveto
133.3471 91.43457 132.9503 91.54887 132.55496 91.50432 curveto
132.15964 91.45978 131.79822 91.26004 131.55017 90.94902 curveto
131.30212 90.63799 131.1878 90.24117 131.23236 89.84583 curveto
131.2769 89.4505 131.47664 89.08908 131.78767 88.84103 curveto
132.09871 88.59299 132.49553 88.47867 132.89087 88.52322 curveto
133.2862 88.56776 133.64761 88.7675 133.89566 89.07854 curveto
134.1437 89.38956 134.25803 89.78638 134.21347 90.18172 curveto
134.16893 90.57704 133.96918 90.93848 133.65814 91.18652 curveto closepath fill
newpath 138.92398 103.56395 moveto
138.61295 103.81198 138.21613 103.92628 137.8208 103.88174 curveto
137.42546 103.83722 137.06404 103.63747 136.816 103.32643 curveto
136.56796 103.0154 136.45364 102.61859 136.49818 102.22325 curveto
136.54272 101.82791 136.74248 101.46649 137.05351 101.21846 curveto
137.36455 100.97041 137.76135 100.8561 138.1567 100.90063 curveto
138.55203 100.94519 138.91345 101.14493 139.16148 101.45596 curveto
139.40953 101.767 139.52385 102.16382 139.47931 102.55913 curveto
139.43475 102.95447 139.23502 103.3159 138.92398 103.56395 curveto closepath
 fill
newpath 149.69781 117.0739 moveto
149.38678 117.32193 148.98997 117.43623 148.59464 117.3917 curveto
148.1993 117.34717 147.83788 117.1474 147.58984 116.83638 curveto
147.3418 116.52534 147.22748 116.12854 147.27202 115.7332 curveto
147.31657 115.33786 147.51631 114.97644 147.82735 114.72841 curveto
148.13838 114.48036 148.5352 114.36604 148.93053 114.41058 curveto
149.32587 114.45514 149.68729 114.65488 149.93533 114.96591 curveto
150.18336 115.27693 150.29768 115.67377 150.25314 116.06908 curveto
150.2086 116.46442 150.00885 116.82585 149.69781 117.0739 curveto closepath
 fill
newpath 160.59317 124.96191 moveto
160.28214 125.20996 159.88531 125.32426 159.48999 125.27971 curveto
159.09465 125.23518 158.73323 125.03545 158.48518 124.72441 curveto
158.23715 124.41338 158.12282 124.01656 158.16737 123.62122 curveto
158.21191 123.22589 158.41167 122.86447 158.7227 122.61642 curveto
159.03374 122.36838 159.43054 122.25406 159.82588 122.29861 curveto
160.2212 122.34315 160.58264 122.5429 160.83067 122.85393 curveto
161.07872 123.16496 161.19304 123.56178 161.1485 123.9571 curveto
161.10394 124.35243 160.9042 124.71387 160.59317 124.96191 curveto closepath
 fill
gsave newpath 132.72292 90.01378 moveto
133.23038 92.68079 134.16666 95.22032 135.34927 97.65501 curveto
[0.6235 0.78183 -0.78183 0.6235 0 0] concat stroke grestore
gsave newpath 135.32823 93.65512 moveto
135.25568 94.98512 135.26982 96.32036 135.34927 97.65501 curveto
134.34937 96.76749 133.39517 95.83333 132.50598 94.84158 curveto
 closepath
gsave fill grestore
[0.6235 0.78183 -0.78183 0.6235 0 0] concat stroke grestore
gsave newpath 135.34927 97.65501 moveto
136.13765 99.2781 137.0355 100.8546 137.98874 102.3912 curveto
139.81697 105.33823 141.85014 108.14955 144.07205 110.80482 curveto
[0.6235 0.78183 -0.78183 0.6235 0 0] concat stroke grestore
gsave newpath 142.97884 106.95714 moveto
143.30824 108.24942 143.67278 109.53246 144.07205 110.80482 curveto
142.89003 110.18747 141.725 109.53801 140.57831 108.8572 curveto
 closepath
gsave fill grestore
[0.6235 0.78183 -0.78183 0.6235 0 0] concat stroke grestore
gsave newpath 144.07205 110.80482 moveto
145.55328 112.57495 147.11841 114.27574 148.76259 115.90115 curveto
150.69156 117.80809 152.7358 119.6135 154.95795 121.14445 curveto
[0.6235 0.78183 -0.78183 0.6235 0 0] concat stroke grestore
gsave newpath 152.96878 117.67409 moveto
153.57622 118.86516 154.2343 120.02736 154.95795 121.14445 curveto
153.65636 120.86627 152.36919 120.5098 151.09744 120.09714 curveto
 closepath
gsave fill grestore
[0.6235 0.78183 -0.78183 0.6235 0 0] concat stroke grestore
gsave newpath 154.95795 121.14445 moveto
156.43935 122.16507 157.99982 123.06372 159.65793 123.78917 curveto
[0.6235 0.78183 -0.78183 0.6235 0 0] concat stroke grestore
gsave newpath 159.65894 123.78836 moveto
158.8132 119.34337 156.77626 115.25249 154.39313 111.41093 curveto
152.5649 108.4639 150.53172 105.65257 148.3098 102.9973 curveto
[0.6235 0.78183 -0.78183 0.6235 0 0] concat stroke grestore
gsave newpath 149.40302 106.84499 moveto
149.07361 105.5527 148.70908 104.26967 148.3098 102.9973 curveto
149.49184 103.61465 150.65685 104.26411 151.80356 104.94495 curveto
 closepath
gsave fill grestore
[0.6235 0.78183 -0.78183 0.6235 0 0] concat stroke grestore
gsave newpath 148.3098 102.9973 moveto
146.82857 101.22719 145.26346 99.52638 143.61928 97.90099 curveto
140.40433 94.72278 136.86926 91.8266 132.72392 90.01297 curveto
[0.6235 0.78183 -0.78183 0.6235 0 0] concat stroke grestore
gsave newpath 132.72292 90.01378 moveto
129.98189 92.19968 126.81776 93.702 123.48438 94.4628 curveto
[0.6235 0.78183 -0.78183 0.6235 0 0] concat stroke grestore
gsave newpath 127.47108 94.7882 moveto
126.13295 94.7955 124.799 94.68619 123.48438 94.4628 curveto
124.57187 93.69118 125.59244 92.82518 126.53345 91.87381 curveto
 closepath
gsave fill grestore
[0.6235 0.78183 -0.78183 0.6235 0 0] concat stroke grestore
gsave newpath 137.98874 102.3912 moveto
133.54938 105.25883 128.59918 107.08122 123.49707 107.81337 curveto
[0.6235 0.78183 -0.78183 0.6235 0 0] concat stroke grestore
gsave newpath 127.4214 108.58806 moveto
126.0988 108.4022 124.78867 108.14343 123.49707 107.81337 curveto
124.64375 107.13342 125.7531 106.39001 126.81973 105.58618 curveto
 closepath
gsave fill grestore
[0.6235 0.78183 -0.78183 0.6235 0 0] concat stroke grestore
gsave newpath 148.76259 115.90115 moveto
142.75055 120.06499 136.0325 122.89488 129.043 124.32211 curveto
[0.6235 0.78183 -0.78183 0.6235 0 0] concat stroke grestore
gsave newpath 132.99593 124.93504 moveto
131.67015 124.78004 130.35161 124.57552 129.043 124.32211 curveto
130.14749 123.57596 131.22446 122.7882 132.27151 121.96034 curveto
 closepath
gsave fill grestore
[0.6235 0.78183 -0.78183 0.6235 0 0] concat stroke grestore
gsave newpath 159.65793 123.78917 moveto
152.56566 129.44507 144.4881 133.50914 135.9573 135.85995 curveto
[0.6235 0.78183 -0.78183 0.6235 0 0] concat stroke grestore
gsave newpath 139.93976 136.23395 moveto
138.60814 136.14935 137.28001 136.02458 135.9573 135.85995 curveto
137.00899 135.04103 138.03632 134.19014 139.03772 133.30832 curveto
 closepath
gsave fill grestore
[0.6235 0.78183 -0.78183 0.6235 0 0] concat stroke grestore
gsave newpath 123.48438 94.4628 moveto
120.15102 95.22362 116.6484 95.24294 113.23044 94.4628 curveto
[0.6235 0.78183 -0.78183 0.6235 0 0] concat stroke grestore
gsave newpath 123.49707 107.81337 moveto
117.9697 108.60654 112.26407 108.12015 106.83656 106.29697 curveto
[0.6235 0.78183 -0.78183 0.6235 0 0] concat stroke grestore
gsave newpath 129.043 124.32211 moveto
120.50018 126.06653 111.55185 125.71553 102.99149 123.14359 curveto
[0.6235 0.78183 -0.78183 0.6235 0 0] concat stroke grestore
gsave newpath 135.9573 135.85995 moveto
125.53062 138.73325 114.42688 139.04715 103.61752 136.57999 curveto
[0.6235 0.78183 -0.78183 0.6235 0 0] concat stroke grestore
newpath 112.89665 95.9253 moveto
112.5088 95.83676 112.17201 95.59781 111.96036 95.26094 curveto
111.7487 94.92409 111.6795 94.51697 111.76804 94.1291 curveto
111.85657 93.74126 112.09554 93.40448 112.4324 93.19281 curveto
112.76924 92.98116 113.17636 92.91197 113.56421 93.0005 curveto
113.95206 93.08904 114.28886 93.32799 114.50052 93.66486 curveto
114.71217 94.00171 114.78137 94.40883 114.69284 94.79668 curveto
114.60431 95.18454 114.36534 95.52132 114.02847 95.73299 curveto
113.69164 95.94464 113.2845 96.01382 112.89665 95.9253 curveto closepath fill
newpath 106.50279 107.75952 moveto
106.11494 107.67099 105.77817 107.43204 105.5665 107.09517 curveto
105.35483 106.75832 105.28566 106.3512 105.37418 105.96335 curveto
105.4627 105.57549 105.70168 105.23871 106.03853 105.02704 curveto
106.37538 104.8154 106.7825 104.7462 107.17035 104.83473 curveto
107.55821 104.92326 107.89499 105.16223 108.10666 105.49908 curveto
108.31831 105.83594 108.3875 106.24304 108.29897 106.6309 curveto
108.21045 107.01875 107.97147 107.35555 107.63463 107.56721 curveto
107.29778 107.77887 106.89066 107.84805 106.50279 107.75952 curveto closepath
 fill
newpath 102.65768 124.60622 moveto
102.26984 124.51768 101.93306 124.27873 101.72139 123.94186 curveto
101.50972 123.60501 101.44055 123.19789 101.52908 122.81004 curveto
101.6176 122.42218 101.85657 122.0854 102.19342 121.87373 curveto
102.53027 121.6621 102.9374 121.5929 103.32524 121.68143 curveto
103.7131 121.76996 104.04988 122.00893 104.26155 122.34578 curveto
104.4732 122.68263 104.54239 123.08974 104.45387 123.4776 curveto
104.36534 123.86545 104.12636 124.20224 103.78952 124.41391 curveto
103.45267 124.62556 103.04555 124.69475 102.65768 124.60622 curveto closepath
 fill
newpath 103.28374 138.0427 moveto
102.89589 137.95416 102.5591 137.7152 102.34744 137.37833 curveto
102.13579 137.04149 102.06659 136.63435 102.15512 136.2465 curveto
102.24364 135.85866 102.48262 135.52188 102.81947 135.31021 curveto
103.15633 135.09856 103.56345 135.02937 103.9513 135.1179 curveto
104.33914 135.20644 104.67595 135.44539 104.88759 135.78226 curveto
105.09926 136.11911 105.16844 136.52623 105.07993 136.91408 curveto
104.9914 137.30193 104.75243 137.63872 104.41556 137.85037 curveto
104.07872 138.06203 103.67159 138.13123 103.28374 138.0427 curveto closepath
 fill
 0 0.50002 dtransform truncate idtransform setlinewidth pop
gsave newpath 113.23044 94.46289 moveto
111.46167 96.5225 110.05995 98.8379 108.89378 101.28052 curveto
[-0.22253 0.97491 -0.97491 -0.22253 0 0] concat stroke grestore
gsave newpath 112.00792 98.77017 moveto
110.92284 99.5427 109.88771 100.38626 108.89378 101.28052 curveto
108.96425 99.9454 109.09966 98.61693 109.32063 97.30339 curveto
 closepath
gsave fill grestore
[-0.22253 0.97491 -0.97491 -0.22253 0 0] concat stroke grestore
gsave newpath 108.89378 101.28052 moveto
108.11635 102.90889 107.4436 104.5938 106.83656 106.29713 curveto
105.67238 109.56395 104.74205 112.90639 104.05144 116.2991 curveto
[-0.22253 0.97491 -0.97491 -0.22253 0 0] concat stroke grestore
gsave newpath 106.37805 113.0454 moveto
105.57309 114.10866 104.79726 115.19362 104.05144 116.2991 curveto
103.7971 114.99004 103.57849 113.67426 103.3958 112.35323 curveto
 closepath
gsave fill grestore
[-0.22253 0.97491 -0.97491 -0.22253 0 0] concat stroke grestore
gsave newpath 104.05144 116.2991 moveto
103.59102 118.56084 103.23712 120.84492 102.99147 123.14383 curveto
102.70325 125.84093 102.56628 128.56483 102.75484 131.25673 curveto
[-0.22253 0.97491 -0.97491 -0.22253 0 0] concat stroke grestore
gsave newpath 104.22784 127.5378 moveto
103.67537 128.75533 103.17703 129.99446 102.75484 131.25673 curveto
102.1608 130.06566 101.63696 128.83705 101.16666 127.58548 curveto
 closepath
gsave fill grestore
[-0.22253 0.97491 -0.97491 -0.22253 0 0] concat stroke grestore
gsave newpath 102.75484 131.25673 moveto
102.88054 133.05127 103.15088 134.83162 103.61752 136.58029 curveto
[-0.22253 0.97491 -0.97491 -0.22253 0 0] concat stroke grestore
gsave newpath 103.61879 136.58058 moveto
106.56671 133.14793 108.49509 129.00475 110.01266 124.74635 curveto
111.17685 121.47952 112.10718 118.13707 112.79779 114.74437 curveto
[-0.22253 0.97491 -0.97491 -0.22253 0 0] concat stroke grestore
gsave newpath 110.47116 117.9981 moveto
111.27614 116.93481 112.05197 115.84987 112.79779 114.74437 curveto
113.05212 116.05344 113.27074 117.36923 113.45341 118.69023 curveto
 closepath
gsave fill grestore
[-0.22253 0.97491 -0.97491 -0.22253 0 0] concat stroke grestore
gsave newpath 112.79779 114.74437 moveto
113.25821 112.48262 113.6121 110.19855 113.85776 107.89966 curveto
114.3381 103.40451 114.39833 98.83495 113.2317 94.46318 curveto
[-0.22253 0.97491 -0.97491 -0.22253 0 0] concat stroke grestore
gsave newpath 113.23044 94.46289 moveto
109.81242 93.68275 106.66505 92.14563 103.99188 90.01384 curveto
[-0.22253 0.97491 -0.97491 -0.22253 0 0] concat stroke grestore
gsave newpath 106.22316 93.33365 moveto
105.38315 92.29204 104.63689 91.18092 103.99188 90.01384 curveto
105.27321 90.38298 106.58658 90.64095 107.91711 90.7835 curveto
 closepath
gsave fill grestore
[-0.22253 0.97491 -0.97491 -0.22253 0 0] concat stroke grestore
gsave newpath 106.83656 106.29713 moveto
101.82664 104.61424 97.31543 101.88026 93.56187 98.34775 curveto
[-0.22253 0.97491 -0.97491 -0.22253 0 0] concat stroke grestore
gsave newpath 95.40298 101.89896 moveto
94.72366 100.749 94.10915 99.56335 93.56187 98.34775 curveto
94.80843 98.82033 96.08133 99.22414 97.37483 99.55688 curveto
 closepath
gsave fill grestore
[-0.22253 0.97491 -0.97491 -0.22253 0 0] concat stroke grestore
gsave newpath 102.99147 123.14383 moveto
95.98756 121.03955 89.58641 117.55159 84.11266 112.97682 curveto
[-0.22253 0.97491 -0.97491 -0.22253 0 0] concat stroke grestore
gsave newpath 86.09807 116.44952 moveto
85.39265 115.31635 84.73044 114.15793 84.11266 112.97682 curveto
85.38466 113.37512 86.67204 113.72598 87.97212 114.02843 curveto
 closepath
gsave fill grestore
[-0.22253 0.97491 -0.97491 -0.22253 0 0] concat stroke grestore
gsave newpath 103.61752 136.58029 moveto
94.77357 134.56174 86.55986 130.78035 79.403 125.57642 curveto
[-0.22253 0.97491 -0.97491 -0.22253 0 0] concat stroke grestore
gsave newpath 81.59363 128.9232 moveto
80.82951 127.82936 80.099 126.71321 79.403 125.57642 curveto
80.69899 125.88808 82.00478 126.16074 83.31857 126.39388 curveto
 closepath
gsave fill grestore
[-0.22253 0.97491 -0.97491 -0.22253 0 0] concat stroke grestore
gsave newpath 103.99188 90.01384 moveto
101.31873 87.88208 99.11977 85.15567 97.59863 81.99696 curveto
[-0.22253 0.97491 -0.97491 -0.22253 0 0] concat stroke grestore
gsave newpath 93.56187 98.34775 moveto
89.49548 94.5208 86.31834 89.7567 84.35976 84.37657 curveto
[-0.22253 0.97491 -0.97491 -0.22253 0 0] concat stroke grestore
gsave newpath 84.11266 112.97682 moveto
77.42244 107.3854 72.11763 100.17046 68.79112 91.87408 curveto
[-0.22253 0.97491 -0.97491 -0.22253 0 0] concat stroke grestore
gsave newpath 79.403 125.57642 moveto
70.65562 119.21599 63.48709 110.73042 58.67644 100.74106 curveto
[-0.22253 0.97491 -0.97491 -0.22253 0 0] concat stroke grestore
newpath 96.2471 82.64774 moveto
96.0745 82.2893 96.05133 81.877 96.18274 81.5015 curveto
96.31413 81.12598 96.5893 80.81807 96.94772 80.64545 curveto
97.30615 80.47284 97.71846 80.44969 98.09396 80.5811 curveto
98.46948 80.7125 98.7774 80.98766 98.95001 81.34608 curveto
99.12262 81.70451 99.14578 82.11682 99.01437 82.49232 curveto
98.88298 82.86784 98.60782 83.17575 98.24939 83.34836 curveto
97.89096 83.52098 97.47865 83.54413 97.10315 83.41272 curveto
96.72763 83.28133 96.41971 83.00616 96.2471 82.64774 curveto closepath fill
newpath 83.00821 85.02728 moveto
82.8356 84.66885 82.81245 84.25655 82.94385 83.88104 curveto
83.07524 83.50554 83.3504 83.19762 83.70883 83.02501 curveto
84.06726 82.85239 84.47957 82.82925 84.85509 82.96065 curveto
85.23059 83.09204 85.53851 83.3672 85.71112 83.72563 curveto
85.88373 84.08408 85.90688 84.49637 85.77548 84.87189 curveto
85.64409 85.24739 85.36891 85.5553 85.01048 85.72792 curveto
84.65205 85.90053 84.23976 85.92368 83.86424 85.79228 curveto
83.48874 85.66087 83.18082 85.38573 83.00821 85.02728 curveto closepath fill
newpath 67.43953 92.52475 moveto
67.26692 92.16632 67.24376 91.75401 67.37515 91.37851 curveto
67.50656 91.003 67.78172 90.69508 68.14015 90.52248 curveto
68.49858 90.34987 68.91089 90.32672 69.28639 90.45811 curveto
69.6619 90.58951 69.96983 90.86467 70.14244 91.2231 curveto
70.31505 91.58154 70.33818 91.99384 70.20679 92.36935 curveto
70.07541 92.74486 69.80023 93.05278 69.4418 93.22539 curveto
69.08337 93.398 68.67108 93.42114 68.29555 93.28975 curveto
67.92004 93.15834 67.61214 92.8832 67.43953 92.52475 curveto closepath fill
newpath 57.32478 101.3917 moveto
57.15218 101.03326 57.12901 100.62097 57.26042 100.24547 curveto
57.39182 99.86993 57.66698 99.56203 58.0254 99.38942 curveto
58.38383 99.21681 58.79614 99.19365 59.17165 99.32506 curveto
59.54716 99.45645 59.85509 99.73161 60.0277 100.09004 curveto
60.2003 100.44847 60.22346 100.86078 60.09206 101.23628 curveto
59.96066 101.6118 59.6855 101.91972 59.32707 102.09233 curveto
58.96864 102.26494 58.55634 102.28809 58.18083 102.1567 curveto
57.80531 102.0253 57.49739 101.75012 57.32478 101.3917 curveto closepath fill
 0 0.5 dtransform truncate idtransform setlinewidth pop
gsave newpath 97.59856 81.9969 moveto
94.88548 81.89816 92.20128 82.24586 89.56445 82.85707 curveto
[-0.90097 0.4339 -0.4339 -0.90097 0 0] concat stroke grestore
gsave newpath 93.46877 83.72664 moveto
92.18825 83.35994 90.88332 83.0766 89.56445 82.85707 curveto
90.65224 82.07973 91.7753 81.35732 92.94005 80.7111 curveto
 closepath
gsave fill grestore
[-0.90097 0.4339 -0.4339 -0.90097 0 0] concat stroke grestore
gsave newpath 89.56445 82.85707 moveto
87.80663 83.26451 86.06985 83.78905 84.35966 84.37646 curveto
81.0797 85.50308 77.88641 86.8597 74.8033 88.43504 curveto
[-0.90097 0.4339 -0.4339 -0.90097 0 0] concat stroke grestore
gsave newpath 78.79776 88.22543 moveto
77.46458 88.25903 76.13261 88.32892 74.8033 88.43504 curveto
75.66818 87.42003 76.5606 86.42874 77.47954 85.46227 curveto
 closepath
gsave fill grestore
[-0.90097 0.4339 -0.4339 -0.90097 0 0] concat stroke grestore
gsave newpath 74.8033 88.43504 moveto
72.74792 89.48524 70.7415 90.63266 68.79099 91.87393 curveto
66.50258 93.33022 64.28757 94.92145 62.3005 96.74721 curveto
[-0.90097 0.4339 -0.4339 -0.90097 0 0] concat stroke grestore
gsave newpath 66.1265 95.58017 moveto
64.83014 95.90733 63.55061 96.29031 62.3005 96.74721 curveto
62.86134 95.54016 63.4953 94.3646 64.1806 93.21657 curveto
 closepath
gsave fill grestore
[-0.90097 0.4339 -0.4339 -0.90097 0 0] concat stroke grestore
gsave newpath 62.3005 96.74721 moveto
60.97583 97.96439 59.75246 99.28577 58.67624 100.74088 curveto
[-0.90097 0.4339 -0.4339 -0.90097 0 0] concat stroke grestore
gsave newpath 58.6768 100.74205 moveto
63.19855 100.9066 67.64014 99.83107 71.9157 98.36249 curveto
75.19566 97.23587 78.38895 95.87926 81.47206 94.3039 curveto
[-0.90097 0.4339 -0.4339 -0.90097 0 0] concat stroke grestore
gsave newpath 77.47758 94.5135 moveto
78.81076 94.47993 80.14275 94.41003 81.47206 94.3039 curveto
80.60718 95.31892 79.71475 96.31023 78.79582 97.27667 curveto
 closepath
gsave fill grestore
[-0.90097 0.4339 -0.4339 -0.90097 0 0] concat stroke grestore
gsave newpath 81.47206 94.3039 moveto
83.52744 93.2537 85.53386 92.1063 87.48438 90.86502 curveto
91.29831 88.43791 94.90852 85.63593 97.59912 81.99808 curveto
[-0.90097 0.4339 -0.4339 -0.90097 0 0] concat stroke grestore
gsave newpath 97.59856 81.9969 moveto
96.07741 78.83818 95.31683 75.41908 95.31685 71.99997 curveto
[-0.90097 0.4339 -0.4339 -0.90097 0 0] concat stroke grestore
gsave newpath 94.11249 75.81433 moveto
94.40312 74.50812 94.80653 73.2319 95.31685 71.99997 curveto
95.82713 73.23192 96.44432 74.41959 97.16246 75.5487 curveto
 closepath
gsave fill grestore
[-0.90097 0.4339 -0.4339 -0.90097 0 0] concat stroke grestore
gsave newpath 84.35966 84.37646 moveto
82.55177 79.41028 81.8766 74.17865 82.29816 69.04153 curveto
[-0.90097 0.4339 -0.4339 -0.90097 0 0] concat stroke grestore
gsave newpath 80.66962 72.6951 moveto
81.14513 71.44699 81.68896 70.22731 82.29816 69.04153 curveto
82.70589 70.31076 83.1838 71.55774 83.73013 72.7765 curveto
 closepath
gsave fill grestore
[-0.90097 0.4339 -0.4339 -0.90097 0 0] concat stroke grestore
gsave newpath 68.79099 91.87393 moveto
66.06934 85.08607 64.8053 77.90672 64.96918 70.77486 curveto
[-0.90097 0.4339 -0.4339 -0.90097 0 0] concat stroke grestore
gsave newpath 63.49199 74.4923 moveto
63.93813 73.23425 64.43092 71.99428 64.96918 70.77486 curveto
65.45084 72.01768 65.9792 73.24297 66.55333 74.44797 curveto
 closepath
gsave fill grestore
[-0.90097 0.4339 -0.4339 -0.90097 0 0] concat stroke grestore
gsave newpath 58.67624 100.74088 moveto
54.74033 92.56784 52.57558 83.78844 52.18199 74.94838 curveto
[-0.90097 0.4339 -0.4339 -0.90097 0 0] concat stroke grestore
gsave newpath 50.93118 78.74777 moveto
51.30997 77.46837 51.72714 76.20131 52.18199 74.94838 curveto
52.74635 76.15593 53.3473 77.34683 53.98419 78.51938 curveto
 closepath
gsave fill grestore
[-0.90097 0.4339 -0.4339 -0.90097 0 0] concat stroke grestore
gsave newpath 95.31685 71.99997 moveto
95.31686 68.58087 96.07744 65.16177 97.59859 62.00308 curveto
[-0.90097 0.4339 -0.4339 -0.90097 0 0] concat stroke grestore
gsave newpath 82.29816 69.04153 moveto
82.75484 63.47623 84.49867 58.02188 87.48387 53.13614 curveto
[-0.90097 0.4339 -0.4339 -0.90097 0 0] concat stroke grestore
gsave newpath 64.96918 70.77486 moveto
65.16946 62.05803 67.50287 53.41214 71.91522 45.63867 curveto
[-0.90097 0.4339 -0.4339 -0.90097 0 0] concat stroke grestore
gsave newpath 52.18199 74.94838 moveto
51.70091 64.14374 53.86572 53.24849 58.67635 43.25912 curveto
[-0.90097 0.4339 -0.4339 -0.90097 0 0] concat stroke grestore
newpath 96.2471 61.35226 moveto
96.41971 60.99384 96.72763 60.71867 97.10315 60.58728 curveto
97.47865 60.45587 97.89096 60.47902 98.24939 60.65164 curveto
98.60782 60.82425 98.88298 61.13216 99.01437 61.50768 curveto
99.14578 61.88318 99.12262 62.29549 98.95001 62.65392 curveto
98.7774 63.01234 98.46948 63.2875 98.09396 63.4189 curveto
97.71846 63.55031 97.30615 63.52716 96.94772 63.35455 curveto
96.5893 63.18193 96.31413 62.87402 96.18274 62.4985 curveto
96.05133 62.123 96.0745 61.7107 96.2471 61.35226 curveto closepath fill
newpath 86.13235 52.48532 moveto
86.30496 52.12689 86.6129 51.85173 86.9884 51.72034 curveto
87.3639 51.58894 87.77621 51.61208 88.13464 51.78468 curveto
88.49307 51.9573 88.76823 52.26523 88.89964 52.64073 curveto
89.03104 53.01624 89.00787 53.42854 88.83527 53.78697 curveto
88.66266 54.14542 88.35475 54.42056 87.97925 54.55197 curveto
87.60371 54.68336 87.19142 54.66022 86.833 54.4876 curveto
86.47456 54.31499 86.19939 54.00708 86.06801 53.63158 curveto
85.93661 53.25606 85.95975 52.84377 86.13235 52.48532 curveto closepath fill
newpath 70.56367 44.98785 moveto
70.73628 44.62943 71.0442 44.35426 71.41971 44.22287 curveto
71.79523 44.09148 72.20753 44.11461 72.56596 44.28722 curveto
72.9244 44.45982 73.19955 44.76776 73.33095 45.14326 curveto
73.46234 45.51877 73.4392 45.93108 73.26659 46.2895 curveto
73.09398 46.64795 72.78606 46.9231 72.41055 47.0545 curveto
72.03503 47.1859 71.62274 47.16273 71.26431 46.99013 curveto
70.90588 46.81752 70.6307 46.50961 70.49931 46.13411 curveto
70.36792 45.75859 70.39107 45.3463 70.56367 44.98785 curveto closepath fill
newpath 57.32478 42.6083 moveto
57.49739 42.24988 57.80531 41.9747 58.18083 41.8433 curveto
58.55634 41.71191 58.96864 41.73506 59.32707 41.90767 curveto
59.6855 42.08028 59.96066 42.3882 60.09206 42.76372 curveto
60.22346 43.13922 60.2003 43.55153 60.0277 43.90996 curveto
59.85509 44.26839 59.54716 44.54355 59.17165 44.67494 curveto
58.79614 44.80635 58.38383 44.78319 58.0254 44.61058 curveto
57.66698 44.43797 57.39182 44.13007 57.26042 43.75453 curveto
57.12901 43.37903 57.15218 42.96674 57.32478 42.6083 curveto closepath fill
gsave newpath 97.59856 62.0031 moveto
95.98418 59.82037 94.03874 57.93855 91.91687 56.2581 curveto
[-0.90097 -0.4339 0.4339 -0.90097 0 0] concat stroke grestore
gsave newpath 93.67131 59.85277 moveto
93.15962 58.62297 92.56752 57.42609 91.91687 56.2581 curveto
93.20284 56.62389 94.46786 57.05153 95.6993 57.55925 curveto
 closepath
gsave fill grestore
[-0.90097 -0.4339 0.4339 -0.90097 0 0] concat stroke grestore
gsave newpath 91.91687 56.2581 moveto
90.50233 55.1378 89.00937 54.10698 87.48381 53.13614 curveto
84.55797 51.2742 81.50635 49.62343 78.35237 48.19518 curveto
[-0.90097 -0.4339 0.4339 -0.90097 0 0] concat stroke grestore
gsave newpath 81.00677 51.1875 moveto
80.1493 50.1661 79.26418 49.1683 78.35237 48.19518 curveto
79.68521 48.23851 81.01665 48.31818 82.3452 48.43404 curveto
 closepath
gsave fill grestore
[-0.90097 -0.4339 0.4339 -0.90097 0 0] concat stroke grestore
gsave newpath 78.35237 48.19518 moveto
76.24979 47.24303 74.10173 46.38974 71.91513 45.63867 curveto
69.34978 44.75752 66.72464 44.01788 64.05829 43.60268 curveto
[-0.90097 -0.4339 0.4339 -0.90097 0 0] concat stroke grestore
gsave newpath 67.3562 45.8663 moveto
66.29214 45.05675 65.19496 44.29517 64.05829 43.60268 curveto
65.3517 43.28857 66.66605 43.05127 67.9909 42.87126 curveto
 closepath
gsave fill grestore
[-0.90097 -0.4339 0.4339 -0.90097 0 0] concat stroke grestore
gsave newpath 64.05829 43.60268 moveto
62.28076 43.3259 60.48491 43.1933 58.67624 43.25912 curveto
[-0.90097 -0.4339 0.4339 -0.90097 0 0] concat stroke grestore
gsave newpath 58.67567 43.2603 moveto
61.36627 46.89815 64.97647 49.70012 68.79042 52.12723 curveto
71.71626 53.9892 74.76788 55.63994 77.92186 57.0682 curveto
[-0.90097 -0.4339 0.4339 -0.90097 0 0] concat stroke grestore
gsave newpath 75.26744 54.07588 moveto
76.12494 55.09727 77.01006 56.0951 77.92186 57.0682 curveto
76.58902 57.02486 75.25757 56.9452 73.92903 56.82935 curveto
 closepath
gsave fill grestore
[-0.90097 -0.4339 0.4339 -0.90097 0 0] concat stroke grestore
gsave newpath 77.92186 57.0682 moveto
80.02444 58.02036 82.1725 58.87366 84.3591 59.6247 curveto
88.63464 61.09328 93.07625 62.16882 97.59799 62.00427 curveto
[-0.90097 -0.4339 0.4339 -0.90097 0 0] concat stroke grestore
gsave newpath 97.59856 62.0031 moveto
99.1197 58.84438 101.31866 56.11797 103.99184 53.98618 curveto
[-0.90097 -0.4339 0.4339 -0.90097 0 0] concat stroke grestore
gsave newpath 100.25876 55.42279 moveto
101.4612 54.8356 102.7105 54.35532 103.99184 53.98618 curveto
103.34685 55.15324 102.80309 56.37628 102.36806 57.64172 curveto
 closepath
gsave fill grestore
[-0.90097 -0.4339 0.4339 -0.90097 0 0] concat stroke grestore
gsave newpath 87.48381 53.13614 moveto
90.23933 48.62631 93.90862 44.83658 98.1878 41.9632 curveto
[-0.90097 -0.4339 0.4339 -0.90097 0 0] concat stroke grestore
gsave newpath 94.31595 42.96793 moveto
95.58824 42.56152 96.88089 42.22624 98.1878 41.9632 curveto
97.44969 43.07333 96.77277 44.22446 96.16052 45.41148 curveto
 closepath
gsave fill grestore
[-0.90097 -0.4339 0.4339 -0.90097 0 0] concat stroke grestore
gsave newpath 71.91513 45.63867 moveto
75.52518 39.27864 80.3501 33.81413 86.02817 29.49559 curveto
[-0.90097 -0.4339 0.4339 -0.90097 0 0] concat stroke grestore
gsave newpath 82.20076 30.65846 moveto
83.46248 30.2229 84.73921 29.83507 86.02817 29.49559 curveto
85.35681 30.64708 84.72829 31.82411 84.14412 33.02429 curveto
 closepath
gsave fill grestore
[-0.90097 -0.4339 0.4339 -0.90097 0 0] concat stroke grestore
gsave newpath 58.67624 43.25912 moveto
62.61215 35.08609 68.12648 27.91975 74.7925 22.10033 curveto
[-0.90097 -0.4339 0.4339 -0.90097 0 0] concat stroke grestore
gsave newpath 71.04214 23.4913 moveto
72.2786 22.98976 73.52933 22.52592 74.7925 22.10033 curveto
74.20027 23.29448 73.64388 24.50684 73.12424 25.73584 curveto
 closepath
gsave fill grestore
[-0.90097 -0.4339 0.4339 -0.90097 0 0] concat stroke grestore
gsave newpath 103.99184 53.98618 moveto
106.66501 51.8544 109.81236 50.31729 113.23036 49.53714 curveto
[-0.90097 -0.4339 0.4339 -0.90097 0 0] concat stroke grestore
gsave newpath 98.1878 41.9632 moveto
102.82365 38.85034 108.17531 36.81299 113.85637 36.10071 curveto
[-0.90097 -0.4339 0.4339 -0.90097 0 0] concat stroke grestore
gsave newpath 86.02817 29.49559 moveto
92.96814 24.21733 101.18262 20.65103 110.0112 19.25403 curveto
[-0.90097 -0.4339 0.4339 -0.90097 0 0] concat stroke grestore
gsave newpath 74.7925 22.10033 moveto
82.93996 14.98761 92.80792 9.88704 103.6173 7.41986 curveto
[-0.90097 -0.4339 0.4339 -0.90097 0 0] concat stroke grestore
newpath 112.89665 48.0747 moveto
113.2845 47.98618 113.69164 48.05536 114.02847 48.26701 curveto
114.36534 48.47868 114.60431 48.81546 114.69284 49.20332 curveto
114.78137 49.59117 114.71217 49.99829 114.50052 50.33514 curveto
114.28886 50.67201 113.95206 50.91096 113.56421 50.9995 curveto
113.17636 51.08803 112.76924 51.01884 112.4324 50.80719 curveto
112.09554 50.59552 111.85657 50.25874 111.76804 49.8709 curveto
111.6795 49.48303 111.7487 49.07591 111.96036 48.73906 curveto
112.17201 48.40219 112.5088 48.16324 112.89665 48.0747 curveto closepath fill
newpath 113.52272 34.63824 moveto
113.91057 34.54971 114.31769 34.6189 114.65454 34.83055 curveto
114.9914 35.04222 115.23036 35.379 115.31888 35.76685 curveto
115.40741 36.15471 115.33824 36.56183 115.12657 36.89868 curveto
114.9149 37.23553 114.57813 37.4745 114.19028 37.56303 curveto
113.80241 37.65157 113.3953 37.58237 113.05844 37.37073 curveto
112.7216 37.15906 112.48262 36.82227 112.39409 36.4344 curveto
112.30557 36.04655 112.37476 35.63945 112.58641 35.3026 curveto
112.79808 34.96573 113.13486 34.72678 113.52272 34.63824 curveto closepath fill
newpath 109.67761 17.79155 moveto
110.06546 17.70302 110.47258 17.7722 110.80943 17.98386 curveto
111.14629 18.19553 111.38525 18.5323 111.47379 18.92015 curveto
111.5623 19.30801 111.49313 19.71513 111.28146 20.05199 curveto
111.0698 20.38884 110.73302 20.6278 110.34517 20.71634 curveto
109.9573 20.80487 109.55019 20.73567 109.21333 20.52403 curveto
108.8765 20.31236 108.63751 19.97557 108.549 19.5877 curveto
108.46046 19.19986 108.52965 18.79276 108.7413 18.4559 curveto
108.95297 18.11903 109.28975 17.88008 109.67761 17.79155 curveto closepath fill
newpath 103.28374 5.9573 moveto
103.67159 5.86877 104.07872 5.93797 104.41556 6.14963 curveto
104.75243 6.36128 104.9914 6.69807 105.07993 7.08592 curveto
105.16844 7.47377 105.09926 7.88089 104.88759 8.21774 curveto
104.67595 8.55461 104.33914 8.79356 103.9513 8.8821 curveto
103.56345 8.97063 103.15633 8.90144 102.81947 8.68979 curveto
102.48262 8.47812 102.24364 8.14134 102.15512 7.7535 curveto
102.06659 7.36565 102.13579 6.95851 102.34744 6.62167 curveto
102.5591 6.2848 102.89589 6.04584 103.28374 5.9573 curveto closepath fill
 0 0.50002 dtransform truncate idtransform setlinewidth pop
gsave newpath 113.23044 49.53711 moveto
113.93042 46.91402 114.18874 44.21974 114.17961 41.51303 curveto
[-0.22253 -0.97491 0.97491 -0.22253 0 0] concat stroke grestore
gsave newpath 112.46306 45.12595 moveto
113.10551 43.95914 113.6721 42.74997 114.17961 41.51303 curveto
114.69542 42.74652 115.1498 44.00218 115.52061 45.28151 curveto
 closepath
gsave fill grestore
[-0.22253 -0.97491 0.97491 -0.22253 0 0] concat stroke grestore
gsave newpath 114.17961 41.51303 moveto
114.17354 39.7086 114.04861 37.89867 113.85649 36.10063 curveto
113.48799 32.6522 112.87596 29.2371 112.02617 25.88074 curveto
[-0.22253 -0.97491 0.97491 -0.22253 0 0] concat stroke grestore
gsave newpath 111.34167 29.8217 moveto
111.60559 28.51448 111.83385 27.20033 112.02617 25.88074 curveto
112.82329 26.94981 113.59116 28.04044 114.3289 29.15138 curveto
 closepath
gsave fill grestore
[-0.22253 -0.97491 0.97491 -0.22253 0 0] concat stroke grestore
gsave newpath 112.02617 25.88074 moveto
111.45967 23.6432 110.7875 21.43178 110.0114 19.25394 curveto
109.10083 16.69887 108.04239 14.18529 106.70457 11.84178 curveto
[-0.22253 -0.97491 0.97491 -0.22253 0 0] concat stroke grestore
gsave newpath 106.991 15.83153 moveto
106.9605 14.49489 106.87186 13.16222 106.70457 11.84178 curveto
107.75656 12.65715 108.7616 13.53682 109.72833 14.46039 curveto
 closepath
gsave fill grestore
[-0.22253 -0.97491 0.97491 -0.22253 0 0] concat stroke grestore
gsave newpath 106.70457 11.84178 moveto
105.8127 10.27948 104.79666 8.79274 103.61752 7.41971 curveto
[-0.22253 -0.97491 0.97491 -0.22253 0 0] concat stroke grestore
gsave newpath 103.61626 7.42 moveto
102.44962 11.79176 102.50986 16.36131 102.9902 20.85646 curveto
103.3587 24.3049 103.97073 27.71999 104.82053 31.07637 curveto
[-0.22253 -0.97491 0.97491 -0.22253 0 0] concat stroke grestore
gsave newpath 105.50504 27.13539 moveto
105.2411 28.44263 105.01285 29.75676 104.82053 31.07637 curveto
104.0234 30.0073 103.25554 28.91666 102.5178 27.80571 curveto
 closepath
gsave fill grestore
[-0.22253 -0.97491 0.97491 -0.22253 0 0] concat stroke grestore
gsave newpath 104.82053 31.07637 moveto
105.38702 33.31389 106.05919 35.52533 106.8353 37.70316 curveto
108.35287 41.96155 110.28127 46.10475 113.22917 49.5374 curveto
[-0.22253 -0.97491 0.97491 -0.22253 0 0] concat stroke grestore
gsave newpath 113.23044 49.53711 moveto
116.64845 48.75697 120.15108 48.7763 123.48447 49.53716 curveto
[-0.22253 -0.97491 0.97491 -0.22253 0 0] concat stroke grestore
gsave newpath 120.03374 47.51422 moveto
121.24252 48.08821 122.39696 48.76549 123.48447 49.53716 curveto
122.16985 49.76051 120.87463 50.09795 119.61401 50.5468 curveto
 closepath
gsave fill grestore
[-0.22253 -0.97491 0.97491 -0.22253 0 0] concat stroke grestore
gsave newpath 113.85649 36.10063 moveto
119.10048 35.44316 124.35117 35.94908 129.26567 37.50317 curveto
[-0.22253 -0.97491 0.97491 -0.22253 0 0] concat stroke grestore
gsave newpath 126.0661 35.10248 moveto
127.1771 35.84381 128.2452 36.64539 129.26567 37.50317 curveto
127.93755 37.61824 126.61548 37.80672 125.30571 38.06815 curveto
 closepath
gsave fill grestore
[-0.22253 -0.97491 0.97491 -0.22253 0 0] concat stroke grestore
gsave newpath 110.0114 19.25394 moveto
117.2347 18.111 124.5153 18.47621 131.4319 20.22298 curveto
[-0.22253 -0.97491 0.97491 -0.22253 0 0] concat stroke grestore
gsave newpath 128.13637 17.9556 moveto
129.2636 18.6705 130.36282 19.42688 131.4319 20.22298 curveto
130.11305 20.41602 128.80092 20.65848 127.49837 20.95006 curveto
 closepath
gsave fill grestore
[-0.22253 -0.97491 0.97491 -0.22253 0 0] concat stroke grestore
gsave newpath 103.61752 7.41971 moveto
112.46147 5.40115 121.50246 5.24431 130.20845 6.8277 curveto
[-0.22253 -0.97491 0.97491 -0.22253 0 0] concat stroke grestore
gsave newpath 126.78265 4.7628 moveto
127.9457 5.4168 129.08817 6.10545 130.20845 6.8277 curveto
128.9056 7.1092 127.61082 7.43008 126.32596 7.79008 curveto
 closepath
gsave fill grestore
[-0.22253 -0.97491 0.97491 -0.22253 0 0] concat stroke grestore
gsave newpath 123.48447 49.53716 moveto
126.81784 50.29797 129.98195 51.80032 132.72296 53.98622 curveto
[-0.22253 -0.97491 0.97491 -0.22253 0 0] concat stroke grestore
gsave newpath 129.26567 37.50317 moveto
134.58981 39.18681 139.51936 42.10063 143.61833 46.09819 curveto
[-0.22253 -0.97491 0.97491 -0.22253 0 0] concat stroke grestore
gsave newpath 131.4319 20.22298 moveto
139.8856 22.35794 147.79549 26.55675 154.3922 32.58823 curveto
[-0.22253 -0.97491 0.97491 -0.22253 0 0] concat stroke grestore
gsave newpath 130.20845 6.8277 moveto
140.84926 8.76295 150.9896 13.29793 159.65804 20.21082 curveto
[-0.22253 -0.97491 0.97491 -0.22253 0 0] concat stroke grestore
newpath 133.65814 52.81348 moveto
133.96918 53.06152 134.16893 53.42296 134.21347 53.81828 curveto
134.25803 54.21362 134.1437 54.61044 133.89566 54.92146 curveto
133.64761 55.2325 133.2862 55.43224 132.89087 55.47678 curveto
132.49553 55.52133 132.09871 55.40701 131.78767 55.15897 curveto
131.47664 54.91092 131.2769 54.5495 131.23236 54.15417 curveto
131.1878 53.75883 131.30212 53.36201 131.55017 53.05098 curveto
131.79822 52.73996 132.15964 52.54022 132.55496 52.49568 curveto
132.9503 52.45113 133.3471 52.56543 133.65814 52.81348 curveto closepath fill
newpath 144.5535 44.92546 moveto
144.86453 45.1735 145.06427 45.53493 145.10883 45.93027 curveto
145.15337 46.32559 145.03905 46.7224 144.791 47.03343 curveto
144.54297 47.34447 144.18155 47.54422 143.78621 47.58876 curveto
143.39087 47.6333 142.99406 47.51898 142.68303 47.27095 curveto
142.372 47.0229 142.17224 46.66148 142.1277 46.26614 curveto
142.08316 45.87082 142.19748 45.474 142.44551 45.16296 curveto
142.69356 44.85193 143.05498 44.65219 143.45032 44.60765 curveto
143.84564 44.56311 144.24246 44.67741 144.5535 44.92546 curveto closepath fill
newpath 155.32733 31.41551 moveto
155.63837 31.66354 155.83812 32.02498 155.88266 32.42032 curveto
155.9272 32.81564 155.81288 33.21246 155.56485 33.52348 curveto
155.3168 33.83452 154.95538 34.03427 154.56004 34.07881 curveto
154.16472 34.12335 153.7679 34.00903 153.45686 33.761 curveto
153.14583 33.51295 152.94609 33.15154 152.90154 32.7562 curveto
152.857 32.36087 152.97131 31.96405 153.21936 31.65302 curveto
153.46739 31.342 153.82881 31.14224 154.22415 31.0977 curveto
154.61949 31.05316 155.0163 31.16747 155.32733 31.41551 curveto closepath fill
newpath 160.59317 19.03809 moveto
160.9042 19.28613 161.10394 19.64757 161.1485 20.0429 curveto
161.19304 20.43822 161.07872 20.83504 160.83067 21.14607 curveto
160.58264 21.4571 160.2212 21.65685 159.82588 21.70139 curveto
159.43054 21.74594 159.03374 21.63162 158.7227 21.38358 curveto
158.41167 21.13553 158.21191 20.77411 158.16737 20.37878 curveto
158.12282 19.98344 158.23715 19.58662 158.48518 19.27559 curveto
158.73323 18.96455 159.09465 18.76482 159.48999 18.72029 curveto
159.88531 18.67574 160.28214 18.79004 160.59317 19.03809 curveto closepath fill
 0 0.5 dtransform truncate idtransform setlinewidth pop
gsave newpath 132.72292 53.98622 moveto
135.21014 52.89804 137.47766 51.42012 139.58817 49.72539 curveto
[0.6235 -0.78183 0.78183 0.6235 0 0] concat stroke grestore
gsave newpath 135.69322 50.63596 moveto
137.00604 50.41075 138.30467 50.09984 139.58817 49.72539 curveto
138.94537 50.89774 138.24698 52.03587 137.47797 53.12344 curveto
 closepath
gsave fill grestore
[0.6235 -0.78183 0.78183 0.6235 0 0] concat stroke grestore
gsave newpath 139.58817 49.72539 moveto
140.99513 48.59561 142.33229 47.36946 143.61826 46.0982 curveto
146.08458 43.66003 148.373 41.05226 150.46729 38.29521 curveto
[0.6235 -0.78183 0.78183 0.6235 0 0] concat stroke grestore
gsave newpath 146.95934 40.21721 moveto
148.14592 39.60849 149.31566 38.9676 150.46729 38.29521 curveto
150.12843 39.58499 149.75452 40.86531 149.34592 42.13475 curveto
 closepath
gsave fill grestore
[0.6235 -0.78183 0.78183 0.6235 0 0] concat stroke grestore
gsave newpath 150.46729 38.29521 moveto
151.86343 36.45721 153.17331 34.5529 154.3921 32.58826 curveto
155.82202 30.28331 157.12727 27.88858 158.12537 25.38148 curveto
[0.6235 -0.78183 0.78183 0.6235 0 0] concat stroke grestore
gsave newpath 155.18463 28.093 moveto
156.21068 27.23576 157.19731 26.33556 158.12537 25.38148 curveto
158.14378 26.71234 158.08266 28.04657 157.96335 29.37823 curveto
 closepath
gsave fill grestore
[0.6235 -0.78183 0.78183 0.6235 0 0] concat stroke grestore
gsave newpath 158.12537 25.38148 moveto
158.79076 23.71011 159.31964 21.9888 159.65793 20.21083 curveto
[0.6235 -0.78183 0.78183 0.6235 0 0] concat stroke grestore
gsave newpath 159.65692 20.21002 moveto
155.51157 22.02367 151.97652 24.91985 148.76157 28.09804 curveto
146.29524 30.53622 144.00682 33.144 141.91255 35.90105 curveto
[0.6235 -0.78183 0.78183 0.6235 0 0] concat stroke grestore
gsave newpath 145.4205 33.97905 moveto
144.23392 34.58777 143.06418 35.22865 141.91255 35.90105 curveto
142.25139 34.61127 142.62532 33.33095 143.0339 32.0615 curveto
 closepath
gsave fill grestore
[0.6235 -0.78183 0.78183 0.6235 0 0] concat stroke grestore
gsave newpath 141.91255 35.90105 moveto
140.5164 37.73903 139.20651 39.64336 137.98772 41.60799 curveto
135.60458 45.44955 133.56766 49.54044 132.72191 53.98541 curveto
[0.6235 -0.78183 0.78183 0.6235 0 0] concat stroke grestore
gsave newpath 132.72292 53.98622 moveto
135.46394 56.17212 137.63268 58.92264 139.11615 62.00314 curveto
[0.6235 -0.78183 0.78183 0.6235 0 0] concat stroke grestore
gsave newpath 138.54625 58.04399 moveto
138.85115 59.34692 139.0414 60.67178 139.11615 62.00314 curveto
138.12189 61.11461 137.0505 60.31233 135.9136 59.60663 curveto
 closepath
gsave fill grestore
[0.6235 -0.78183 0.78183 0.6235 0 0] concat stroke grestore
gsave newpath 143.61826 46.0982 moveto
147.40186 49.78816 150.28006 54.20872 152.12918 59.02 curveto
[0.6235 -0.78183 0.78183 0.6235 0 0] concat stroke grestore
gsave newpath 152.01122 55.02168 moveto
152.12431 56.3525 152.16354 57.68735 152.12918 59.02 curveto
151.21114 58.05338 150.23949 57.13727 149.21848 56.27625 curveto
 closepath
gsave fill grestore
[0.6235 -0.78183 0.78183 0.6235 0 0] concat stroke grestore
gsave newpath 154.3921 32.58826 moveto
159.78934 37.52303 164.04318 43.44292 166.98993 49.9396 curveto
[0.6235 -0.78183 0.78183 0.6235 0 0] concat stroke grestore
gsave newpath 166.7079 45.94939 moveto
166.85179 47.27641 166.94579 48.6074 166.98993 49.9396 curveto
166.01672 49.02884 165.00906 48.15416 163.96896 47.31758 curveto
 closepath
gsave fill grestore
[0.6235 -0.78183 0.78183 0.6235 0 0] concat stroke grestore
gsave newpath 159.65793 20.21083 moveto
166.7502 25.86673 172.5098 32.83745 176.69995 40.63126 curveto
[0.6235 -0.78183 0.78183 0.6235 0 0] concat stroke grestore
gsave newpath 176.17838 36.66544 moveto
176.39223 37.98248 176.56612 39.30507 176.69995 40.63126 curveto
175.66753 39.78816 174.60938 38.97594 173.52682 38.19586 curveto
 closepath
gsave fill grestore
[0.6235 -0.78183 0.78183 0.6235 0 0] concat stroke grestore
gsave newpath 139.11615 62.00314 moveto
140.59962 65.08363 141.39786 68.49413 141.39786 72 curveto
[0.6235 -0.78183 0.78183 0.6235 0 0] concat stroke grestore
gsave newpath 152.12918 59.02 moveto
154.13242 64.2323 154.92783 69.9031 154.35808 75.60022 curveto
[0.6235 -0.78183 0.78183 0.6235 0 0] concat stroke grestore
gsave newpath 166.98993 49.9396 moveto
170.59155 57.88007 172.24054 66.68214 171.63794 75.60022 curveto
[0.6235 -0.78183 0.78183 0.6235 0 0] concat stroke grestore
gsave newpath 176.69995 40.63126 moveto
181.82133 50.15717 184.59814 60.91266 184.59814 72 curveto
[0.6235 -0.78183 0.78183 0.6235 0 0] concat stroke grestore
showpage
%%EOF
