%!PS
%%BoundingBox: 0 0 237 216 
%%HiResBoundingBox: 0 0 236.71477 216 
%%Creator: MetaPost 0.901
%%CreationDate: 2008.05.15:1243
%%Pages: 1
%*Font: cmr8 7.97011 7.97011 31:f
%%BeginProlog
%%EndProlog
%%Page: 1 1
%%%ExactBoundingBox: 0 0 236.71477 216
newpath 219.16771 89.37932 moveto
219.16771 89.77715 219.00967 90.15866 218.72836 90.43997 curveto
218.44705 90.72128 218.06554 90.87932 217.66771 90.87932 curveto
217.26988 90.87932 216.88837 90.72128 216.60706 90.43997 curveto
216.32574 90.15866 216.16771 89.77715 216.16771 89.37932 curveto
216.16771 88.98149 216.32574 88.59998 216.60706 88.31866 curveto
216.88837 88.03735 217.26988 87.87932 217.66771 87.87932 curveto
218.06554 87.87932 218.44705 88.03735 218.72836 88.31866 curveto
219.00967 88.59998 219.16771 88.98149 219.16771 89.37932 curveto closepath fill
 0.5 0 dtransform exch truncate exch idtransform pop setlinewidth [] 0 setdash
 1 setlinecap 1 setlinejoin 10 setmiterlimit
newpath 217.66771 144.55173 moveto
217.66771 89.37932 lineto stroke
newpath 179.16771 82.48277 moveto
179.16771 82.8806 179.00967 83.26212 178.72836 83.54343 curveto
178.44705 83.82474 178.06554 83.98277 177.66771 83.98277 curveto
177.26988 83.98277 176.88837 83.82474 176.60706 83.54343 curveto
176.32574 83.26212 176.16771 82.8806 176.16771 82.48277 curveto
176.16771 82.08495 176.32574 81.70343 176.60706 81.42212 curveto
176.88837 81.14081 177.26988 80.98277 177.66771 80.98277 curveto
178.06554 80.98277 178.44705 81.14081 178.72836 81.42212 curveto
179.00967 81.70343 179.16771 82.08495 179.16771 82.48277 curveto closepath fill
 0 0.5 dtransform truncate idtransform setlinewidth pop
newpath 137.66771 132.13794 moveto
177.66771 82.48277 lineto stroke
newpath 217.66771 89.37932 moveto
177.66771 82.48277 lineto stroke
newpath 159.85738 14.89653 moveto
159.85738 15.29436 159.69934 15.67587 159.41803 15.95718 curveto
159.13672 16.2385 158.7552 16.39653 158.35738 16.39653 curveto
157.95955 16.39653 157.57803 16.2385 157.29672 15.95718 curveto
157.01541 15.67587 156.85738 15.29436 156.85738 14.89653 curveto
156.85738 14.4987 157.01541 14.11719 157.29672 13.83588 curveto
157.57803 13.55457 157.95955 13.39653 158.35738 13.39653 curveto
158.7552 13.39653 159.13672 13.55457 159.41803 13.83588 curveto
159.69934 14.11719 159.85738 14.4987 159.85738 14.89653 curveto closepath fill
newpath 108.7022 28.68964 moveto
158.35738 14.89653 lineto stroke
newpath 208.01253 54.89655 moveto
158.35738 14.89653 lineto stroke
newpath 119.85739 8 moveto
119.85739 8.39783 119.69936 8.77934 119.41805 9.06065 curveto
119.13673 9.34196 118.75522 9.5 118.35739 9.5 curveto
117.95956 9.5 117.57805 9.34196 117.29674 9.06065 curveto
117.01543 8.77934 116.85739 8.39783 116.85739 8 curveto
116.85739 7.60217 117.01543 7.22066 117.29674 6.93935 curveto
117.57805 6.65804 117.95956 6.5 118.35739 6.5 curveto
118.75522 6.5 119.13673 6.65804 119.41805 6.93935 curveto
119.69936 7.22066 119.85739 7.60217 119.85739 8 curveto closepath fill
newpath 68.70222 21.7931 moveto
118.35739 8 lineto stroke
newpath 128.01256 42.48279 moveto
118.35739 8 lineto stroke
newpath 158.35738 14.89653 moveto
118.35739 8 lineto stroke
newpath 209.51253 54.89655 moveto
209.51253 55.29437 209.35449 55.67589 209.07318 55.9572 curveto
208.79187 56.23851 208.41035 56.39655 208.01253 56.39655 curveto
207.6147 56.39655 207.23318 56.23851 206.95187 55.9572 curveto
206.67056 55.67589 206.51253 55.29437 206.51253 54.89655 curveto
206.51253 54.49872 206.67056 54.1172 206.95187 53.83589 curveto
207.23318 53.55458 207.6147 53.39655 208.01253 53.39655 curveto
208.41035 53.39655 208.79187 53.55458 209.07318 53.83589 curveto
209.35449 54.1172 209.51253 54.49872 209.51253 54.89655 curveto closepath fill
 0.5 0 dtransform exch truncate exch idtransform pop setlinewidth
newpath 208.01253 110.06894 moveto
208.01253 54.89655 lineto stroke
 0 0.5 dtransform truncate idtransform setlinewidth pop
newpath 217.66771 89.37932 moveto
208.01253 54.89655 lineto stroke
newpath 129.51256 42.48279 moveto
129.51256 42.88062 129.35452 43.26213 129.07321 43.54344 curveto
128.7919 43.82475 128.41039 43.98279 128.01256 43.98279 curveto
127.61473 43.98279 127.23322 43.82475 126.9519 43.54344 curveto
126.6706 43.26213 126.51256 42.88062 126.51256 42.48279 curveto
126.51256 42.08496 126.6706 41.70345 126.9519 41.42213 curveto
127.23322 41.14082 127.61473 40.98279 128.01256 40.98279 curveto
128.41039 40.98279 128.7919 41.14082 129.07321 41.42213 curveto
129.35452 41.70345 129.51256 42.08496 129.51256 42.48279 curveto closepath fill
newpath 88.01254 92.13795 moveto
128.01256 42.48279 lineto stroke
newpath 177.66771 82.48277 moveto
128.01256 42.48279 lineto stroke
newpath 70.20222 21.7931 moveto
70.20222 22.19093 70.04419 22.57245 69.76288 22.85376 curveto
69.48157 23.13507 69.10005 23.2931 68.70222 23.2931 curveto
68.3044 23.2931 67.92288 23.13507 67.64157 22.85376 curveto
67.36026 22.57245 67.20222 22.19093 67.20222 21.7931 curveto
67.20222 21.39528 67.36026 21.01376 67.64157 20.73245 curveto
67.92288 20.45114 68.3044 20.2931 68.70222 20.2931 curveto
69.10005 20.2931 69.48157 20.45114 69.76288 20.73245 curveto
70.04419 21.01376 70.20222 21.39528 70.20222 21.7931 curveto closepath fill
newpath 28.70222 71.44829 moveto
68.70222 21.7931 lineto stroke
newpath 108.7022 28.68964 moveto
68.70222 21.7931 lineto stroke
newpath 110.2022 28.68964 moveto
110.2022 29.08746 110.04416 29.46898 109.76285 29.75029 curveto
109.48154 30.0316 109.10002 30.18964 108.7022 30.18964 curveto
108.30437 30.18964 107.92285 30.0316 107.64154 29.75029 curveto
107.36023 29.46898 107.2022 29.08746 107.2022 28.68964 curveto
107.2022 28.29181 107.36023 27.9103 107.64154 27.62898 curveto
107.92285 27.34767 108.30437 27.18964 108.7022 27.18964 curveto
109.10002 27.18964 109.48154 27.34767 109.76285 27.62898 curveto
110.04416 27.9103 110.2022 28.29181 110.2022 28.68964 curveto closepath fill
 0.5 0 dtransform exch truncate exch idtransform pop setlinewidth
newpath 108.7022 83.86205 moveto
108.7022 28.68964 lineto stroke
newpath 139.16771 132.13794 moveto
139.16771 132.53577 139.00967 132.91728 138.72836 133.1986 curveto
138.44705 133.4799 138.06554 133.63794 137.66771 133.63794 curveto
137.26988 133.63794 136.88837 133.4799 136.60706 133.1986 curveto
136.32574 132.91728 136.16771 132.53577 136.16771 132.13794 curveto
136.16771 131.74011 136.32574 131.3586 136.60706 131.07729 curveto
136.88837 130.79597 137.26988 130.63794 137.66771 130.63794 curveto
138.06554 130.63794 138.44705 130.79597 138.72836 131.07729 curveto
139.00967 131.3586 139.16771 131.74011 139.16771 132.13794 curveto closepath
 fill
newpath 137.66771 187.31035 moveto
137.66771 132.13794 lineto stroke
newpath 219.16771 144.55173 moveto
219.16771 144.94955 219.00967 145.33107 218.72836 145.61238 curveto
218.44705 145.89369 218.06554 146.05173 217.66771 146.05173 curveto
217.26988 146.05173 216.88837 145.89369 216.60706 145.61238 curveto
216.32574 145.33107 216.16771 144.94955 216.16771 144.55173 curveto
216.16771 144.1539 216.32574 143.77238 216.60706 143.49107 curveto
216.88837 143.20976 217.26988 143.05173 217.66771 143.05173 curveto
218.06554 143.05173 218.44705 143.20976 218.72836 143.49107 curveto
219.00967 143.77238 219.16771 144.1539 219.16771 144.55173 curveto closepath
 fill
 0 0.5 dtransform truncate idtransform setlinewidth pop
newpath 177.66772 194.2069 moveto
217.66771 144.55173 lineto stroke
newpath 89.51254 92.13795 moveto
89.51254 92.53578 89.3545 92.9173 89.0732 93.19861 curveto
88.79189 93.47992 88.41037 93.63795 88.01254 93.63795 curveto
87.61472 93.63795 87.2332 93.47992 86.95189 93.19861 curveto
86.67058 92.9173 86.51254 92.53578 86.51254 92.13795 curveto
86.51254 91.74013 86.67058 91.35861 86.95189 91.0773 curveto
87.2332 90.79599 87.61472 90.63795 88.01254 90.63795 curveto
88.41037 90.63795 88.79189 90.79599 89.0732 91.0773 curveto
89.3545 91.35861 89.51254 91.74013 89.51254 92.13795 curveto closepath fill
newpath 38.35738 105.93105 moveto
88.01254 92.13795 lineto stroke
newpath 137.66771 132.13794 moveto
88.01254 92.13795 lineto stroke
newpath 209.51253 110.06894 moveto
209.51253 110.46677 209.35449 110.84828 209.07318 111.1296 curveto
208.79187 111.4109 208.41035 111.56894 208.01253 111.56894 curveto
207.6147 111.56894 207.23318 111.4109 206.95187 111.1296 curveto
206.67056 110.84828 206.51253 110.46677 206.51253 110.06894 curveto
206.51253 109.67111 206.67056 109.2896 206.95187 109.00829 curveto
207.23318 108.72697 207.6147 108.56894 208.01253 108.56894 curveto
208.41035 108.56894 208.79187 108.72697 209.07318 109.00829 curveto
209.35449 109.2896 209.51253 109.67111 209.51253 110.06894 curveto closepath
 fill
newpath 158.35738 123.86206 moveto
208.01253 110.06894 lineto stroke
newpath 217.66771 144.55173 moveto
208.01253 110.06894 lineto stroke
newpath 110.2022 83.86205 moveto
110.2022 84.25987 110.04416 84.64139 109.76285 84.9227 curveto
109.48154 85.20401 109.10002 85.36205 108.7022 85.36205 curveto
108.30437 85.36205 107.92285 85.20401 107.64154 84.9227 curveto
107.36023 84.64139 107.2022 84.25987 107.2022 83.86205 curveto
107.2022 83.46422 107.36023 83.0827 107.64154 82.80139 curveto
107.92285 82.52008 108.30437 82.36205 108.7022 82.36205 curveto
109.10002 82.36205 109.48154 82.52008 109.76285 82.80139 curveto
110.04416 83.0827 110.2022 83.46422 110.2022 83.86205 curveto closepath fill
newpath 158.35738 123.86206 moveto
108.7022 83.86205 lineto stroke
newpath 68.70221 133.51723 moveto
108.7022 83.86205 lineto stroke
newpath 30.20222 71.44829 moveto
30.20222 71.84612 30.04419 72.22763 29.76288 72.50894 curveto
29.48157 72.79025 29.10005 72.94829 28.70222 72.94829 curveto
28.3044 72.94829 27.92288 72.79025 27.64157 72.50894 curveto
27.36026 72.22763 27.20222 71.84612 27.20222 71.44829 curveto
27.20222 71.05046 27.36026 70.66895 27.64157 70.38763 curveto
27.92288 70.10632 28.3044 69.94829 28.70222 69.94829 curveto
29.10005 69.94829 29.48157 70.10632 29.76288 70.38763 curveto
30.04419 70.66895 30.20222 71.05046 30.20222 71.44829 curveto closepath fill
newpath 38.35738 105.93105 moveto
28.70222 71.44829 lineto stroke
 0.5 0 dtransform exch truncate exch idtransform pop setlinewidth
newpath 28.70221 126.62068 moveto
28.70222 71.44829 lineto stroke
newpath 39.85738 105.93105 moveto
39.85738 106.32887 39.69934 106.71039 39.41803 106.9917 curveto
39.13672 107.27301 38.7552 107.43105 38.35738 107.43105 curveto
37.95955 107.43105 37.57803 107.27301 37.29672 106.9917 curveto
37.01541 106.71039 36.85738 106.32887 36.85738 105.93105 curveto
36.85738 105.53322 37.01541 105.1517 37.29672 104.87039 curveto
37.57803 104.58908 37.95955 104.43105 38.35738 104.43105 curveto
38.7552 104.43105 39.13672 104.58908 39.41803 104.87039 curveto
39.69934 105.1517 39.85738 105.53322 39.85738 105.93105 curveto closepath fill
newpath 38.35738 161.10345 moveto
38.35738 105.93105 lineto stroke
newpath 159.85738 123.86206 moveto
159.85738 124.25989 159.69934 124.6414 159.41803 124.92271 curveto
159.13672 125.20403 158.7552 125.36206 158.35738 125.36206 curveto
157.95955 125.36206 157.57803 125.20403 157.29672 124.92271 curveto
157.01541 124.6414 156.85738 124.25989 156.85738 123.86206 curveto
156.85738 123.46423 157.01541 123.08272 157.29672 122.8014 curveto
157.57803 122.5201 157.95955 122.36206 158.35738 122.36206 curveto
158.7552 122.36206 159.13672 122.5201 159.41803 122.8014 curveto
159.69934 123.08272 159.85738 123.46423 159.85738 123.86206 curveto closepath
 fill
 0 0.5 dtransform truncate idtransform setlinewidth pop
newpath 118.35738 173.51723 moveto
158.35738 123.86206 lineto stroke
newpath 139.16771 187.31035 moveto
139.16771 187.70818 139.00967 188.08969 138.72836 188.371 curveto
138.44705 188.65231 138.06554 188.81035 137.66771 188.81035 curveto
137.26988 188.81035 136.88837 188.65231 136.60706 188.371 curveto
136.32574 188.08969 136.16771 187.70818 136.16771 187.31035 curveto
136.16771 186.91252 136.32574 186.531 136.60706 186.2497 curveto
136.88837 185.96838 137.26988 185.81035 137.66771 185.81035 curveto
138.06554 185.81035 138.44705 185.96838 138.72836 186.2497 curveto
139.00967 186.531 139.16771 186.91252 139.16771 187.31035 curveto closepath
 fill
newpath 177.66772 194.2069 moveto
137.66771 187.31035 lineto stroke
newpath 88.01254 201.10345 moveto
137.66771 187.31035 lineto stroke
newpath 179.16772 194.2069 moveto
179.16772 194.60472 179.00969 194.98624 178.72838 195.26755 curveto
178.44707 195.54886 178.06555 195.7069 177.66772 195.7069 curveto
177.2699 195.7069 176.88838 195.54886 176.60707 195.26755 curveto
176.32576 194.98624 176.16772 194.60472 176.16772 194.2069 curveto
176.16772 193.80907 176.32576 193.42755 176.60707 193.14624 curveto
176.88838 192.86493 177.2699 192.7069 177.66772 192.7069 curveto
178.06555 192.7069 178.44707 192.86493 178.72838 193.14624 curveto
179.00969 193.42755 179.16772 193.80907 179.16772 194.2069 curveto closepath
 fill
newpath 128.01256 208 moveto
177.66772 194.2069 lineto stroke
newpath 70.20221 133.51723 moveto
70.20221 133.91505 70.04417 134.29657 69.76286 134.57788 curveto
69.48155 134.85919 69.10004 135.01723 68.70221 135.01723 curveto
68.30438 135.01723 67.92287 134.85919 67.64156 134.57788 curveto
67.36024 134.29657 67.20221 133.91505 67.20221 133.51723 curveto
67.20221 133.1194 67.36024 132.73788 67.64156 132.45657 curveto
67.92287 132.17526 68.30438 132.01723 68.70221 132.01723 curveto
69.10004 132.01723 69.48155 132.17526 69.76286 132.45657 curveto
70.04417 132.73788 70.20221 133.1194 70.20221 133.51723 curveto closepath fill
newpath 118.35738 173.51723 moveto
68.70221 133.51723 lineto stroke
newpath 30.20221 126.62068 moveto
30.20221 127.01851 30.04417 127.40002 29.76286 127.68134 curveto
29.48155 127.96265 29.10004 128.12068 28.70221 128.12068 curveto
28.30438 128.12068 27.92287 127.96265 27.64156 127.68134 curveto
27.36024 127.40002 27.20221 127.01851 27.20221 126.62068 curveto
27.20221 126.22285 27.36024 125.84134 27.64156 125.56003 curveto
27.92287 125.27872 28.30438 125.12068 28.70221 125.12068 curveto
29.10004 125.12068 29.48155 125.27872 29.76286 125.56003 curveto
30.04417 125.84134 30.20221 126.22285 30.20221 126.62068 curveto closepath fill
newpath 38.35738 161.10345 moveto
28.70221 126.62068 lineto stroke
newpath 68.70221 133.51723 moveto
28.70221 126.62068 lineto stroke
newpath 39.85738 161.10345 moveto
39.85738 161.50128 39.69934 161.8828 39.41803 162.16411 curveto
39.13672 162.44542 38.7552 162.60345 38.35738 162.60345 curveto
37.95955 162.60345 37.57803 162.44542 37.29672 162.16411 curveto
37.01541 161.8828 36.85738 161.50128 36.85738 161.10345 curveto
36.85738 160.70563 37.01541 160.32411 37.29672 160.0428 curveto
37.57803 159.76149 37.95955 159.60345 38.35738 159.60345 curveto
38.7552 159.60345 39.13672 159.76149 39.41803 160.0428 curveto
39.69934 160.32411 39.85738 160.70563 39.85738 161.10345 curveto closepath fill
newpath 88.01254 201.10345 moveto
38.35738 161.10345 lineto stroke
newpath 119.85738 173.51723 moveto
119.85738 173.91505 119.69934 174.29657 119.41803 174.57788 curveto
119.13672 174.85919 118.7552 175.01723 118.35738 175.01723 curveto
117.95955 175.01723 117.57803 174.85919 117.29672 174.57788 curveto
117.01541 174.29657 116.85738 173.91505 116.85738 173.51723 curveto
116.85738 173.1194 117.01541 172.73788 117.29672 172.45657 curveto
117.57803 172.17526 117.95955 172.01723 118.35738 172.01723 curveto
118.7552 172.01723 119.13672 172.17526 119.41803 172.45657 curveto
119.69934 172.73788 119.85738 173.1194 119.85738 173.51723 curveto closepath
 fill
newpath 128.01256 208 moveto
118.35738 173.51723 lineto stroke
newpath 89.51254 201.10345 moveto
89.51254 201.50128 89.3545 201.8828 89.0732 202.16411 curveto
88.79189 202.44542 88.41037 202.60345 88.01254 202.60345 curveto
87.61472 202.60345 87.2332 202.44542 86.95189 202.16411 curveto
86.67058 201.8828 86.51254 201.50128 86.51254 201.10345 curveto
86.51254 200.70563 86.67058 200.32411 86.95189 200.0428 curveto
87.2332 199.76149 87.61472 199.60345 88.01254 199.60345 curveto
88.41037 199.60345 88.79189 199.76149 89.0732 200.0428 curveto
89.3545 200.32411 89.51254 200.70563 89.51254 201.10345 curveto closepath fill
newpath 128.01256 208 moveto
88.01254 201.10345 lineto stroke
newpath 129.51256 208 moveto
129.51256 208.39783 129.35452 208.77934 129.07321 209.06065 curveto
128.7919 209.34196 128.41039 209.5 128.01256 209.5 curveto
127.61473 209.5 127.23322 209.34196 126.9519 209.06065 curveto
126.6706 208.77934 126.51256 208.39783 126.51256 208 curveto
126.51256 207.60217 126.6706 207.22066 126.9519 206.93935 curveto
127.23322 206.65804 127.61473 206.5 128.01256 206.5 curveto
128.41039 206.5 128.7919 206.65804 129.07321 206.93935 curveto
129.35452 207.22066 129.51256 207.60217 129.51256 208 curveto closepath fill
119.5442 211 moveto
(1234) cmr8 7.97011 fshow
68.97585 203.20345 moveto
(2134) cmr8 7.97011 fshow
179.76772 196.30688 moveto
(1243) cmr8 7.97011 fshow
139.7677 180.07405 moveto
(2143) cmr8 7.97011 fshow
99.32068 175.61722 moveto
(1324) cmr8 7.97011 fshow
40.45737 153.86716 moveto
(2314) cmr8 7.97011 fshow
8.7655 124.05252 moveto
(3214) cmr8 7.97011 fshow
40.45737 108.03104 moveto
(2341) cmr8 7.97011 fshow
32.70222 68.88013 moveto
(3241) cmr8 7.97011 fshow
49.66553 14.55681 moveto
(3421) cmr8 7.97011 fshow
89.6655 30.78963 moveto
(3412) cmr8 7.97011 fshow
109.88904 -0.1363 moveto
(4321) cmr8 7.97011 fshow
160.45737 7.66023 moveto
(4312) cmr8 7.97011 fshow
130.11255 35.24649 moveto
(4231) cmr8 7.97011 fshow
188.97583 56.99654 moveto
(4132) cmr8 7.97011 fshow
220.66771 86.81116 moveto
(4123) cmr8 7.97011 fshow
155.731 79.91461 moveto
(4213) cmr8 7.97011 fshow
188.97583 102.83264 moveto
(1432) cmr8 7.97011 fshow
220.66771 141.98357 moveto
(1423) cmr8 7.97011 fshow
160.45737 125.96205 moveto
(1342) cmr8 7.97011 fshow
117.731 131.56978 moveto
(2413) cmr8 7.97011 fshow
68.97585 84.90166 moveto
(2431) cmr8 7.97011 fshow
110.80219 76.62575 moveto
(3142) cmr8 7.97011 fshow
73.70221 130.94907 moveto
(3124) cmr8 7.97011 fshow
showpage
%%EOF
