%!PS
%%BoundingBox: 0 0 237 87 
%%HiResBoundingBox: 0 0 236.71477 86.39978 
%%Creator: MetaPost 0.901
%%CreationDate: 2008.05.15:1243
%%Pages: 1
%%BeginProlog
%%EndProlog
%%Page: 1 1
%%%ExactBoundingBox: 0 0 236.71477 86.39978
newpath 119.85739 86.39978 moveto
119.85739 86.7976 119.69936 87.17912 119.41805 87.46043 curveto
119.13673 87.74174 118.75522 87.89978 118.35739 87.89978 curveto
117.95956 87.89978 117.57805 87.74174 117.29674 87.46043 curveto
117.01543 87.17912 116.85739 86.7976 116.85739 86.39978 curveto
116.85739 86.00195 117.01543 85.62044 117.29674 85.33913 curveto
117.57805 85.05782 117.95956 84.89978 118.35739 84.89978 curveto
118.75522 84.89978 119.13673 85.05782 119.41805 85.33913 curveto
119.69936 85.62044 119.85739 86.00195 119.85739 86.39978 curveto closepath fill
newpath 119.85739 64.79984 moveto
119.85739 65.19766 119.69936 65.57918 119.41805 65.86049 curveto
119.13673 66.1418 118.75522 66.29984 118.35739 66.29984 curveto
117.95956 66.29984 117.57805 66.1418 117.29674 65.86049 curveto
117.01543 65.57918 116.85739 65.19766 116.85739 64.79984 curveto
116.85739 64.40201 117.01543 64.0205 117.29674 63.73918 curveto
117.57805 63.45787 117.95956 63.29984 118.35739 63.29984 curveto
118.75522 63.29984 119.13673 63.45787 119.41805 63.73918 curveto
119.69936 64.0205 119.85739 64.40201 119.85739 64.79984 curveto closepath fill
 0.5 0 dtransform exch truncate exch idtransform pop setlinewidth [] 0 setdash
 1 setlinecap 1 setlinejoin 10 setmiterlimit
newpath 118.35739 86.39978 moveto
118.35739 64.79984 lineto stroke
 0 0.5 dtransform truncate idtransform setlinewidth pop
newpath 118.35739 86.39978 moveto
77.27214 56.54956 lineto stroke
newpath 118.35739 64.79984 moveto
105.6613 25.72508 lineto stroke
newpath 77.73567 57.97614 moveto
77.35732 58.09908 76.94563 58.06667 76.59117 57.88606 curveto
76.2367 57.70546 75.9685 57.39145 75.84557 57.01309 curveto
75.72263 56.63474 75.75504 56.22307 75.93565 55.8686 curveto
76.11626 55.51411 76.43025 55.24593 76.80861 55.12299 curveto
77.18697 55.00005 77.59865 55.03246 77.95313 55.21307 curveto
78.30759 55.39368 78.57578 55.70767 78.69872 56.08603 curveto
78.82166 56.46439 78.78925 56.87607 78.60864 57.23053 curveto
78.42802 57.585 78.11403 57.8532 77.73567 57.97614 curveto closepath fill
newpath 98.2783 51.3013 moveto
97.89995 51.42424 97.48827 51.39183 97.13379 51.21121 curveto
96.77933 51.03062 96.51114 50.71661 96.3882 50.33826 curveto
96.26526 49.9599 96.29767 49.54823 96.47827 49.19376 curveto
96.65889 48.83928 96.97289 48.57109 97.35124 48.44815 curveto
97.72958 48.32521 98.14127 48.35762 98.49574 48.53824 curveto
98.85022 48.71884 99.11841 49.03284 99.24135 49.4112 curveto
99.36429 49.78955 99.33188 50.20123 99.15126 50.5557 curveto
98.97064 50.91017 98.65665 51.17836 98.2783 51.3013 curveto closepath fill
gsave newpath 77.27214 56.54956 moveto
97.81477 49.87473 lineto
[0.30902 0.95105 -0.95105 0.30902 0 0] concat stroke grestore
gsave newpath 77.27214 56.54956 moveto
92.96498 8.2511 lineto
[0.30902 0.95105 -0.95105 0.30902 0 0] concat stroke grestore
gsave newpath 97.81477 49.87473 moveto
131.05345 25.72519 lineto
[0.30902 0.95105 -0.95105 0.30902 0 0] concat stroke grestore
newpath 91.75166 9.13196 moveto
91.51782 8.8101 91.42143 8.40855 91.48367 8.01561 curveto
91.5459 7.62268 91.76167 7.27058 92.08353 7.03674 curveto
92.40538 6.8029 92.80692 6.70651 93.19986 6.76875 curveto
93.59279 6.83098 93.94489 7.04674 94.17873 7.36859 curveto
94.41257 7.69044 94.50896 8.092 94.44672 8.48494 curveto
94.38449 8.87787 94.16873 9.22997 93.84688 9.4638 curveto
93.52502 9.69765 93.12347 9.79404 92.73053 9.7318 curveto
92.3376 9.66957 91.9855 9.45381 91.75166 9.13196 curveto closepath fill
newpath 104.44777 26.60677 moveto
104.21393 26.28491 104.11752 25.88336 104.17976 25.49042 curveto
104.242 25.09749 104.45776 24.74539 104.77962 24.51155 curveto
105.10147 24.27771 105.50302 24.18132 105.89595 24.24356 curveto
106.28888 24.30579 106.64099 24.52155 106.87483 24.8434 curveto
107.10866 25.16525 107.20506 25.5668 107.14282 25.95975 curveto
107.08058 26.35268 106.86482 26.70477 106.54297 26.93861 curveto
106.22112 27.17245 105.81956 27.26884 105.42664 27.2066 curveto
105.0337 27.14438 104.6816 26.92862 104.44777 26.60677 curveto closepath fill
gsave newpath 92.9652 8.25027 moveto
105.6613 25.72508 lineto
[-0.80902 0.5878 -0.5878 -0.80902 0 0] concat stroke grestore
gsave newpath 92.9652 8.25027 moveto
143.7495 8.25047 lineto
[-0.80902 0.5878 -0.5878 -0.80902 0 0] concat stroke grestore
gsave newpath 105.6613 25.72508 moveto
138.9002 49.87482 lineto
[-0.80902 0.5878 -0.5878 -0.80902 0 0] concat stroke grestore
newpath 142.53606 7.36859 moveto
142.7699 7.04674 143.122 6.83098 143.51492 6.76875 curveto
143.90787 6.70651 144.3094 6.8029 144.63126 7.03674 curveto
144.95311 7.27058 145.16888 7.62268 145.23111 8.01561 curveto
145.29335 8.40855 145.19696 8.8101 144.96312 9.13196 curveto
144.72928 9.45381 144.37718 9.66957 143.98425 9.7318 curveto
143.59131 9.79404 143.18976 9.69765 142.8679 9.4638 curveto
142.54605 9.22997 142.33029 8.87787 142.26807 8.48494 curveto
142.20583 8.092 142.30222 7.69044 142.53606 7.36859 curveto closepath fill
newpath 129.83995 24.8434 moveto
130.07379 24.52155 130.4259 24.30579 130.81883 24.24356 curveto
131.21176 24.18132 131.61331 24.27771 131.93517 24.51155 curveto
132.25702 24.74539 132.47278 25.09749 132.53502 25.49042 curveto
132.59726 25.88336 132.50085 26.28491 132.26701 26.60677 curveto
132.03319 26.92862 131.68108 27.14438 131.28815 27.2066 curveto
130.89522 27.26884 130.49367 27.17245 130.17181 26.93861 curveto
129.84996 26.70477 129.6342 26.35268 129.57196 25.95975 curveto
129.50972 25.5668 129.60612 25.16525 129.83995 24.8434 curveto closepath fill
gsave newpath 143.74959 8.25027 moveto
131.05348 25.72508 lineto
[-0.80902 -0.5878 0.5878 -0.80902 0 0] concat stroke grestore
gsave newpath 143.74959 8.25027 moveto
159.44295 56.54897 lineto
[-0.80902 -0.5878 0.5878 -0.80902 0 0] concat stroke grestore
gsave newpath 131.05348 25.72508 moveto
118.35739 64.79993 lineto
[-0.80902 -0.5878 0.5878 -0.80902 0 0] concat stroke grestore
newpath 159.90617 55.12299 moveto
160.28453 55.24593 160.59853 55.51411 160.77913 55.8686 curveto
160.95975 56.22307 160.99216 56.63474 160.86922 57.01309 curveto
160.74628 57.39145 160.47809 57.70546 160.12361 57.88606 curveto
159.76915 58.06667 159.35747 58.09908 158.97911 57.97614 curveto
158.60075 57.8532 158.28676 57.585 158.10614 57.23053 curveto
157.92554 56.87607 157.89313 56.46439 158.01607 56.08603 curveto
158.139 55.70767 158.4072 55.39368 158.76166 55.21307 curveto
159.11613 55.03246 159.52782 55.00005 159.90617 55.12299 curveto closepath fill
newpath 139.36354 48.44815 moveto
139.7419 48.57109 140.0559 48.83928 140.23651 49.19376 curveto
140.41711 49.54823 140.44952 49.9599 140.32658 50.33826 curveto
140.20364 50.71661 139.93546 51.03062 139.581 51.21121 curveto
139.22652 51.39183 138.81483 51.42424 138.43648 51.3013 curveto
138.05814 51.17836 137.74414 50.91017 137.56352 50.5557 curveto
137.3829 50.20123 137.3505 49.78955 137.47343 49.4112 curveto
137.59637 49.03284 137.86456 48.71884 138.21904 48.53824 curveto
138.57352 48.35762 138.9852 48.32521 139.36354 48.44815 curveto closepath fill
gsave newpath 159.44264 56.54956 moveto
138.90001 49.87473 lineto
[0.30902 -0.95105 0.95105 0.30902 0 0] concat stroke grestore
gsave newpath 159.44264 56.54956 moveto
118.35738 86.39935 lineto
[0.30902 -0.95105 0.95105 0.30902 0 0] concat stroke grestore
gsave newpath 138.90001 49.87473 moveto
97.81462 49.87442 lineto
[0.30902 -0.95105 0.95105 0.30902 0 0] concat stroke grestore
showpage
%%EOF
