%!PS
%%BoundingBox: 0 0 237 144 
%%HiResBoundingBox: 0 0 236.71477 144 
%%Creator: MetaPost 0.901
%%CreationDate: 2008.05.15:1243
%%Pages: 1
%%BeginProlog
%%EndProlog
%%Page: 1 1
%%%ExactBoundingBox: 0 0 236.71477 144
newpath 74.85739 27 moveto
74.85739 27.39783 74.69936 27.77934 74.41805 28.06065 curveto
74.13673 28.34196 73.75522 28.5 73.35739 28.5 curveto
72.95956 28.5 72.57805 28.34196 72.29674 28.06065 curveto
72.01543 27.77934 71.85739 27.39783 71.85739 27 curveto
71.85739 26.60217 72.01543 26.22066 72.29674 25.93935 curveto
72.57805 25.65804 72.95956 25.5 73.35739 25.5 curveto
73.75522 25.5 74.13673 25.65804 74.41805 25.93935 curveto
74.69936 26.22066 74.85739 26.60217 74.85739 27 curveto closepath fill
newpath 74.85739 45 moveto
74.85739 45.39783 74.69936 45.77934 74.41805 46.06065 curveto
74.13673 46.34196 73.75522 46.5 73.35739 46.5 curveto
72.95956 46.5 72.57805 46.34196 72.29674 46.06065 curveto
72.01543 45.77934 71.85739 45.39783 71.85739 45 curveto
71.85739 44.60217 72.01543 44.22066 72.29674 43.93935 curveto
72.57805 43.65804 72.95956 43.5 73.35739 43.5 curveto
73.75522 43.5 74.13673 43.65804 74.41805 43.93935 curveto
74.69936 44.22066 74.85739 44.60217 74.85739 45 curveto closepath fill
newpath 74.85739 63 moveto
74.85739 63.39783 74.69936 63.77934 74.41805 64.06065 curveto
74.13673 64.34196 73.75522 64.5 73.35739 64.5 curveto
72.95956 64.5 72.57805 64.34196 72.29674 64.06065 curveto
72.01543 63.77934 71.85739 63.39783 71.85739 63 curveto
71.85739 62.60217 72.01543 62.22066 72.29674 61.93935 curveto
72.57805 61.65804 72.95956 61.5 73.35739 61.5 curveto
73.75522 61.5 74.13673 61.65804 74.41805 61.93935 curveto
74.69936 62.22066 74.85739 62.60217 74.85739 63 curveto closepath fill
newpath 74.85739 81 moveto
74.85739 81.39783 74.69936 81.77934 74.41805 82.06065 curveto
74.13673 82.34196 73.75522 82.5 73.35739 82.5 curveto
72.95956 82.5 72.57805 82.34196 72.29674 82.06065 curveto
72.01543 81.77934 71.85739 81.39783 71.85739 81 curveto
71.85739 80.60217 72.01543 80.22066 72.29674 79.93935 curveto
72.57805 79.65804 72.95956 79.5 73.35739 79.5 curveto
73.75522 79.5 74.13673 79.65804 74.41805 79.93935 curveto
74.69936 80.22066 74.85739 80.60217 74.85739 81 curveto closepath fill
newpath 74.85739 99 moveto
74.85739 99.39783 74.69936 99.77934 74.41805 100.06065 curveto
74.13673 100.34196 73.75522 100.5 73.35739 100.5 curveto
72.95956 100.5 72.57805 100.34196 72.29674 100.06065 curveto
72.01543 99.77934 71.85739 99.39783 71.85739 99 curveto
71.85739 98.60217 72.01543 98.22066 72.29674 97.93935 curveto
72.57805 97.65804 72.95956 97.5 73.35739 97.5 curveto
73.75522 97.5 74.13673 97.65804 74.41805 97.93935 curveto
74.69936 98.22066 74.85739 98.60217 74.85739 99 curveto closepath fill
newpath 74.85739 117 moveto
74.85739 117.39783 74.69936 117.77934 74.41805 118.06065 curveto
74.13673 118.34196 73.75522 118.5 73.35739 118.5 curveto
72.95956 118.5 72.57805 118.34196 72.29674 118.06065 curveto
72.01543 117.77934 71.85739 117.39783 71.85739 117 curveto
71.85739 116.60217 72.01543 116.22066 72.29674 115.93935 curveto
72.57805 115.65804 72.95956 115.5 73.35739 115.5 curveto
73.75522 115.5 74.13673 115.65804 74.41805 115.93935 curveto
74.69936 116.22066 74.85739 116.60217 74.85739 117 curveto closepath fill
newpath 92.85739 27 moveto
92.85739 27.39783 92.69936 27.77934 92.41805 28.06065 curveto
92.13673 28.34196 91.75522 28.5 91.35739 28.5 curveto
90.95956 28.5 90.57805 28.34196 90.29674 28.06065 curveto
90.01543 27.77934 89.85739 27.39783 89.85739 27 curveto
89.85739 26.60217 90.01543 26.22066 90.29674 25.93935 curveto
90.57805 25.65804 90.95956 25.5 91.35739 25.5 curveto
91.75522 25.5 92.13673 25.65804 92.41805 25.93935 curveto
92.69936 26.22066 92.85739 26.60217 92.85739 27 curveto closepath fill
newpath 92.85739 45 moveto
92.85739 45.39783 92.69936 45.77934 92.41805 46.06065 curveto
92.13673 46.34196 91.75522 46.5 91.35739 46.5 curveto
90.95956 46.5 90.57805 46.34196 90.29674 46.06065 curveto
90.01543 45.77934 89.85739 45.39783 89.85739 45 curveto
89.85739 44.60217 90.01543 44.22066 90.29674 43.93935 curveto
90.57805 43.65804 90.95956 43.5 91.35739 43.5 curveto
91.75522 43.5 92.13673 43.65804 92.41805 43.93935 curveto
92.69936 44.22066 92.85739 44.60217 92.85739 45 curveto closepath fill
newpath 92.85739 63 moveto
92.85739 63.39783 92.69936 63.77934 92.41805 64.06065 curveto
92.13673 64.34196 91.75522 64.5 91.35739 64.5 curveto
90.95956 64.5 90.57805 64.34196 90.29674 64.06065 curveto
90.01543 63.77934 89.85739 63.39783 89.85739 63 curveto
89.85739 62.60217 90.01543 62.22066 90.29674 61.93935 curveto
90.57805 61.65804 90.95956 61.5 91.35739 61.5 curveto
91.75522 61.5 92.13673 61.65804 92.41805 61.93935 curveto
92.69936 62.22066 92.85739 62.60217 92.85739 63 curveto closepath fill
newpath 92.85739 81 moveto
92.85739 81.39783 92.69936 81.77934 92.41805 82.06065 curveto
92.13673 82.34196 91.75522 82.5 91.35739 82.5 curveto
90.95956 82.5 90.57805 82.34196 90.29674 82.06065 curveto
90.01543 81.77934 89.85739 81.39783 89.85739 81 curveto
89.85739 80.60217 90.01543 80.22066 90.29674 79.93935 curveto
90.57805 79.65804 90.95956 79.5 91.35739 79.5 curveto
91.75522 79.5 92.13673 79.65804 92.41805 79.93935 curveto
92.69936 80.22066 92.85739 80.60217 92.85739 81 curveto closepath fill
newpath 92.85739 99 moveto
92.85739 99.39783 92.69936 99.77934 92.41805 100.06065 curveto
92.13673 100.34196 91.75522 100.5 91.35739 100.5 curveto
90.95956 100.5 90.57805 100.34196 90.29674 100.06065 curveto
90.01543 99.77934 89.85739 99.39783 89.85739 99 curveto
89.85739 98.60217 90.01543 98.22066 90.29674 97.93935 curveto
90.57805 97.65804 90.95956 97.5 91.35739 97.5 curveto
91.75522 97.5 92.13673 97.65804 92.41805 97.93935 curveto
92.69936 98.22066 92.85739 98.60217 92.85739 99 curveto closepath fill
newpath 92.85739 117 moveto
92.85739 117.39783 92.69936 117.77934 92.41805 118.06065 curveto
92.13673 118.34196 91.75522 118.5 91.35739 118.5 curveto
90.95956 118.5 90.57805 118.34196 90.29674 118.06065 curveto
90.01543 117.77934 89.85739 117.39783 89.85739 117 curveto
89.85739 116.60217 90.01543 116.22066 90.29674 115.93935 curveto
90.57805 115.65804 90.95956 115.5 91.35739 115.5 curveto
91.75522 115.5 92.13673 115.65804 92.41805 115.93935 curveto
92.69936 116.22066 92.85739 116.60217 92.85739 117 curveto closepath fill
newpath 110.85739 27 moveto
110.85739 27.39783 110.69936 27.77934 110.41805 28.06065 curveto
110.13673 28.34196 109.75522 28.5 109.35739 28.5 curveto
108.95956 28.5 108.57805 28.34196 108.29674 28.06065 curveto
108.01543 27.77934 107.85739 27.39783 107.85739 27 curveto
107.85739 26.60217 108.01543 26.22066 108.29674 25.93935 curveto
108.57805 25.65804 108.95956 25.5 109.35739 25.5 curveto
109.75522 25.5 110.13673 25.65804 110.41805 25.93935 curveto
110.69936 26.22066 110.85739 26.60217 110.85739 27 curveto closepath fill
newpath 110.85739 45 moveto
110.85739 45.39783 110.69936 45.77934 110.41805 46.06065 curveto
110.13673 46.34196 109.75522 46.5 109.35739 46.5 curveto
108.95956 46.5 108.57805 46.34196 108.29674 46.06065 curveto
108.01543 45.77934 107.85739 45.39783 107.85739 45 curveto
107.85739 44.60217 108.01543 44.22066 108.29674 43.93935 curveto
108.57805 43.65804 108.95956 43.5 109.35739 43.5 curveto
109.75522 43.5 110.13673 43.65804 110.41805 43.93935 curveto
110.69936 44.22066 110.85739 44.60217 110.85739 45 curveto closepath fill
newpath 110.85739 63 moveto
110.85739 63.39783 110.69936 63.77934 110.41805 64.06065 curveto
110.13673 64.34196 109.75522 64.5 109.35739 64.5 curveto
108.95956 64.5 108.57805 64.34196 108.29674 64.06065 curveto
108.01543 63.77934 107.85739 63.39783 107.85739 63 curveto
107.85739 62.60217 108.01543 62.22066 108.29674 61.93935 curveto
108.57805 61.65804 108.95956 61.5 109.35739 61.5 curveto
109.75522 61.5 110.13673 61.65804 110.41805 61.93935 curveto
110.69936 62.22066 110.85739 62.60217 110.85739 63 curveto closepath fill
newpath 110.85739 81 moveto
110.85739 81.39783 110.69936 81.77934 110.41805 82.06065 curveto
110.13673 82.34196 109.75522 82.5 109.35739 82.5 curveto
108.95956 82.5 108.57805 82.34196 108.29674 82.06065 curveto
108.01543 81.77934 107.85739 81.39783 107.85739 81 curveto
107.85739 80.60217 108.01543 80.22066 108.29674 79.93935 curveto
108.57805 79.65804 108.95956 79.5 109.35739 79.5 curveto
109.75522 79.5 110.13673 79.65804 110.41805 79.93935 curveto
110.69936 80.22066 110.85739 80.60217 110.85739 81 curveto closepath fill
newpath 110.85739 99 moveto
110.85739 99.39783 110.69936 99.77934 110.41805 100.06065 curveto
110.13673 100.34196 109.75522 100.5 109.35739 100.5 curveto
108.95956 100.5 108.57805 100.34196 108.29674 100.06065 curveto
108.01543 99.77934 107.85739 99.39783 107.85739 99 curveto
107.85739 98.60217 108.01543 98.22066 108.29674 97.93935 curveto
108.57805 97.65804 108.95956 97.5 109.35739 97.5 curveto
109.75522 97.5 110.13673 97.65804 110.41805 97.93935 curveto
110.69936 98.22066 110.85739 98.60217 110.85739 99 curveto closepath fill
newpath 110.85739 117 moveto
110.85739 117.39783 110.69936 117.77934 110.41805 118.06065 curveto
110.13673 118.34196 109.75522 118.5 109.35739 118.5 curveto
108.95956 118.5 108.57805 118.34196 108.29674 118.06065 curveto
108.01543 117.77934 107.85739 117.39783 107.85739 117 curveto
107.85739 116.60217 108.01543 116.22066 108.29674 115.93935 curveto
108.57805 115.65804 108.95956 115.5 109.35739 115.5 curveto
109.75522 115.5 110.13673 115.65804 110.41805 115.93935 curveto
110.69936 116.22066 110.85739 116.60217 110.85739 117 curveto closepath fill
newpath 128.85739 27 moveto
128.85739 27.39783 128.69936 27.77934 128.41805 28.06065 curveto
128.13673 28.34196 127.75522 28.5 127.35739 28.5 curveto
126.95956 28.5 126.57805 28.34196 126.29674 28.06065 curveto
126.01543 27.77934 125.85739 27.39783 125.85739 27 curveto
125.85739 26.60217 126.01543 26.22066 126.29674 25.93935 curveto
126.57805 25.65804 126.95956 25.5 127.35739 25.5 curveto
127.75522 25.5 128.13673 25.65804 128.41805 25.93935 curveto
128.69936 26.22066 128.85739 26.60217 128.85739 27 curveto closepath fill
newpath 128.85739 45 moveto
128.85739 45.39783 128.69936 45.77934 128.41805 46.06065 curveto
128.13673 46.34196 127.75522 46.5 127.35739 46.5 curveto
126.95956 46.5 126.57805 46.34196 126.29674 46.06065 curveto
126.01543 45.77934 125.85739 45.39783 125.85739 45 curveto
125.85739 44.60217 126.01543 44.22066 126.29674 43.93935 curveto
126.57805 43.65804 126.95956 43.5 127.35739 43.5 curveto
127.75522 43.5 128.13673 43.65804 128.41805 43.93935 curveto
128.69936 44.22066 128.85739 44.60217 128.85739 45 curveto closepath fill
newpath 128.85739 63 moveto
128.85739 63.39783 128.69936 63.77934 128.41805 64.06065 curveto
128.13673 64.34196 127.75522 64.5 127.35739 64.5 curveto
126.95956 64.5 126.57805 64.34196 126.29674 64.06065 curveto
126.01543 63.77934 125.85739 63.39783 125.85739 63 curveto
125.85739 62.60217 126.01543 62.22066 126.29674 61.93935 curveto
126.57805 61.65804 126.95956 61.5 127.35739 61.5 curveto
127.75522 61.5 128.13673 61.65804 128.41805 61.93935 curveto
128.69936 62.22066 128.85739 62.60217 128.85739 63 curveto closepath fill
newpath 128.85739 81 moveto
128.85739 81.39783 128.69936 81.77934 128.41805 82.06065 curveto
128.13673 82.34196 127.75522 82.5 127.35739 82.5 curveto
126.95956 82.5 126.57805 82.34196 126.29674 82.06065 curveto
126.01543 81.77934 125.85739 81.39783 125.85739 81 curveto
125.85739 80.60217 126.01543 80.22066 126.29674 79.93935 curveto
126.57805 79.65804 126.95956 79.5 127.35739 79.5 curveto
127.75522 79.5 128.13673 79.65804 128.41805 79.93935 curveto
128.69936 80.22066 128.85739 80.60217 128.85739 81 curveto closepath fill
newpath 128.85739 99 moveto
128.85739 99.39783 128.69936 99.77934 128.41805 100.06065 curveto
128.13673 100.34196 127.75522 100.5 127.35739 100.5 curveto
126.95956 100.5 126.57805 100.34196 126.29674 100.06065 curveto
126.01543 99.77934 125.85739 99.39783 125.85739 99 curveto
125.85739 98.60217 126.01543 98.22066 126.29674 97.93935 curveto
126.57805 97.65804 126.95956 97.5 127.35739 97.5 curveto
127.75522 97.5 128.13673 97.65804 128.41805 97.93935 curveto
128.69936 98.22066 128.85739 98.60217 128.85739 99 curveto closepath fill
newpath 128.85739 117 moveto
128.85739 117.39783 128.69936 117.77934 128.41805 118.06065 curveto
128.13673 118.34196 127.75522 118.5 127.35739 118.5 curveto
126.95956 118.5 126.57805 118.34196 126.29674 118.06065 curveto
126.01543 117.77934 125.85739 117.39783 125.85739 117 curveto
125.85739 116.60217 126.01543 116.22066 126.29674 115.93935 curveto
126.57805 115.65804 126.95956 115.5 127.35739 115.5 curveto
127.75522 115.5 128.13673 115.65804 128.41805 115.93935 curveto
128.69936 116.22066 128.85739 116.60217 128.85739 117 curveto closepath fill
newpath 146.85739 27 moveto
146.85739 27.39783 146.69936 27.77934 146.41805 28.06065 curveto
146.13673 28.34196 145.75522 28.5 145.35739 28.5 curveto
144.95956 28.5 144.57805 28.34196 144.29674 28.06065 curveto
144.01543 27.77934 143.85739 27.39783 143.85739 27 curveto
143.85739 26.60217 144.01543 26.22066 144.29674 25.93935 curveto
144.57805 25.65804 144.95956 25.5 145.35739 25.5 curveto
145.75522 25.5 146.13673 25.65804 146.41805 25.93935 curveto
146.69936 26.22066 146.85739 26.60217 146.85739 27 curveto closepath fill
newpath 146.85739 45 moveto
146.85739 45.39783 146.69936 45.77934 146.41805 46.06065 curveto
146.13673 46.34196 145.75522 46.5 145.35739 46.5 curveto
144.95956 46.5 144.57805 46.34196 144.29674 46.06065 curveto
144.01543 45.77934 143.85739 45.39783 143.85739 45 curveto
143.85739 44.60217 144.01543 44.22066 144.29674 43.93935 curveto
144.57805 43.65804 144.95956 43.5 145.35739 43.5 curveto
145.75522 43.5 146.13673 43.65804 146.41805 43.93935 curveto
146.69936 44.22066 146.85739 44.60217 146.85739 45 curveto closepath fill
newpath 146.85739 63 moveto
146.85739 63.39783 146.69936 63.77934 146.41805 64.06065 curveto
146.13673 64.34196 145.75522 64.5 145.35739 64.5 curveto
144.95956 64.5 144.57805 64.34196 144.29674 64.06065 curveto
144.01543 63.77934 143.85739 63.39783 143.85739 63 curveto
143.85739 62.60217 144.01543 62.22066 144.29674 61.93935 curveto
144.57805 61.65804 144.95956 61.5 145.35739 61.5 curveto
145.75522 61.5 146.13673 61.65804 146.41805 61.93935 curveto
146.69936 62.22066 146.85739 62.60217 146.85739 63 curveto closepath fill
newpath 146.85739 81 moveto
146.85739 81.39783 146.69936 81.77934 146.41805 82.06065 curveto
146.13673 82.34196 145.75522 82.5 145.35739 82.5 curveto
144.95956 82.5 144.57805 82.34196 144.29674 82.06065 curveto
144.01543 81.77934 143.85739 81.39783 143.85739 81 curveto
143.85739 80.60217 144.01543 80.22066 144.29674 79.93935 curveto
144.57805 79.65804 144.95956 79.5 145.35739 79.5 curveto
145.75522 79.5 146.13673 79.65804 146.41805 79.93935 curveto
146.69936 80.22066 146.85739 80.60217 146.85739 81 curveto closepath fill
newpath 146.85739 99 moveto
146.85739 99.39783 146.69936 99.77934 146.41805 100.06065 curveto
146.13673 100.34196 145.75522 100.5 145.35739 100.5 curveto
144.95956 100.5 144.57805 100.34196 144.29674 100.06065 curveto
144.01543 99.77934 143.85739 99.39783 143.85739 99 curveto
143.85739 98.60217 144.01543 98.22066 144.29674 97.93935 curveto
144.57805 97.65804 144.95956 97.5 145.35739 97.5 curveto
145.75522 97.5 146.13673 97.65804 146.41805 97.93935 curveto
146.69936 98.22066 146.85739 98.60217 146.85739 99 curveto closepath fill
newpath 146.85739 117 moveto
146.85739 117.39783 146.69936 117.77934 146.41805 118.06065 curveto
146.13673 118.34196 145.75522 118.5 145.35739 118.5 curveto
144.95956 118.5 144.57805 118.34196 144.29674 118.06065 curveto
144.01543 117.77934 143.85739 117.39783 143.85739 117 curveto
143.85739 116.60217 144.01543 116.22066 144.29674 115.93935 curveto
144.57805 115.65804 144.95956 115.5 145.35739 115.5 curveto
145.75522 115.5 146.13673 115.65804 146.41805 115.93935 curveto
146.69936 116.22066 146.85739 116.60217 146.85739 117 curveto closepath fill
newpath 164.85739 27 moveto
164.85739 27.39783 164.69936 27.77934 164.41805 28.06065 curveto
164.13673 28.34196 163.75522 28.5 163.35739 28.5 curveto
162.95956 28.5 162.57805 28.34196 162.29674 28.06065 curveto
162.01543 27.77934 161.85739 27.39783 161.85739 27 curveto
161.85739 26.60217 162.01543 26.22066 162.29674 25.93935 curveto
162.57805 25.65804 162.95956 25.5 163.35739 25.5 curveto
163.75522 25.5 164.13673 25.65804 164.41805 25.93935 curveto
164.69936 26.22066 164.85739 26.60217 164.85739 27 curveto closepath fill
newpath 164.85739 45 moveto
164.85739 45.39783 164.69936 45.77934 164.41805 46.06065 curveto
164.13673 46.34196 163.75522 46.5 163.35739 46.5 curveto
162.95956 46.5 162.57805 46.34196 162.29674 46.06065 curveto
162.01543 45.77934 161.85739 45.39783 161.85739 45 curveto
161.85739 44.60217 162.01543 44.22066 162.29674 43.93935 curveto
162.57805 43.65804 162.95956 43.5 163.35739 43.5 curveto
163.75522 43.5 164.13673 43.65804 164.41805 43.93935 curveto
164.69936 44.22066 164.85739 44.60217 164.85739 45 curveto closepath fill
newpath 164.85739 63 moveto
164.85739 63.39783 164.69936 63.77934 164.41805 64.06065 curveto
164.13673 64.34196 163.75522 64.5 163.35739 64.5 curveto
162.95956 64.5 162.57805 64.34196 162.29674 64.06065 curveto
162.01543 63.77934 161.85739 63.39783 161.85739 63 curveto
161.85739 62.60217 162.01543 62.22066 162.29674 61.93935 curveto
162.57805 61.65804 162.95956 61.5 163.35739 61.5 curveto
163.75522 61.5 164.13673 61.65804 164.41805 61.93935 curveto
164.69936 62.22066 164.85739 62.60217 164.85739 63 curveto closepath fill
newpath 164.85739 81 moveto
164.85739 81.39783 164.69936 81.77934 164.41805 82.06065 curveto
164.13673 82.34196 163.75522 82.5 163.35739 82.5 curveto
162.95956 82.5 162.57805 82.34196 162.29674 82.06065 curveto
162.01543 81.77934 161.85739 81.39783 161.85739 81 curveto
161.85739 80.60217 162.01543 80.22066 162.29674 79.93935 curveto
162.57805 79.65804 162.95956 79.5 163.35739 79.5 curveto
163.75522 79.5 164.13673 79.65804 164.41805 79.93935 curveto
164.69936 80.22066 164.85739 80.60217 164.85739 81 curveto closepath fill
newpath 164.85739 99 moveto
164.85739 99.39783 164.69936 99.77934 164.41805 100.06065 curveto
164.13673 100.34196 163.75522 100.5 163.35739 100.5 curveto
162.95956 100.5 162.57805 100.34196 162.29674 100.06065 curveto
162.01543 99.77934 161.85739 99.39783 161.85739 99 curveto
161.85739 98.60217 162.01543 98.22066 162.29674 97.93935 curveto
162.57805 97.65804 162.95956 97.5 163.35739 97.5 curveto
163.75522 97.5 164.13673 97.65804 164.41805 97.93935 curveto
164.69936 98.22066 164.85739 98.60217 164.85739 99 curveto closepath fill
newpath 164.85739 117 moveto
164.85739 117.39783 164.69936 117.77934 164.41805 118.06065 curveto
164.13673 118.34196 163.75522 118.5 163.35739 118.5 curveto
162.95956 118.5 162.57805 118.34196 162.29674 118.06065 curveto
162.01543 117.77934 161.85739 117.39783 161.85739 117 curveto
161.85739 116.60217 162.01543 116.22066 162.29674 115.93935 curveto
162.57805 115.65804 162.95956 115.5 163.35739 115.5 curveto
163.75522 115.5 164.13673 115.65804 164.41805 115.93935 curveto
164.69936 116.22066 164.85739 116.60217 164.85739 117 curveto closepath fill
 0 0.5 dtransform truncate idtransform setlinewidth pop [] 0 setdash
 1 setlinecap 1 setlinejoin 10 setmiterlimit
newpath 73.35739 27 moveto
91.35739 63 lineto stroke
newpath 73.35739 45 moveto
91.35739 81 lineto stroke
newpath 73.35739 63 moveto
91.35739 99 lineto stroke
newpath 73.35739 81 moveto
91.35739 117 lineto stroke
newpath 73.35739 63 moveto
91.35739 27 lineto stroke
newpath 73.35739 81 moveto
91.35739 45 lineto stroke
newpath 73.35739 99 moveto
91.35739 63 lineto stroke
newpath 73.35739 117 moveto
91.35739 81 lineto stroke
newpath 91.35739 27 moveto
109.35739 63 lineto stroke
newpath 91.35739 45 moveto
109.35739 81 lineto stroke
newpath 91.35739 63 moveto
109.35739 99 lineto stroke
newpath 91.35739 81 moveto
109.35739 117 lineto stroke
newpath 91.35739 63 moveto
109.35739 27 lineto stroke
newpath 91.35739 81 moveto
109.35739 45 lineto stroke
newpath 91.35739 99 moveto
109.35739 63 lineto stroke
newpath 91.35739 117 moveto
109.35739 81 lineto stroke
newpath 109.35739 27 moveto
127.35739 63 lineto stroke
newpath 109.35739 45 moveto
127.35739 81 lineto stroke
newpath 109.35739 63 moveto
127.35739 99 lineto stroke
newpath 109.35739 81 moveto
127.35739 117 lineto stroke
newpath 109.35739 63 moveto
127.35739 27 lineto stroke
newpath 109.35739 81 moveto
127.35739 45 lineto stroke
newpath 109.35739 99 moveto
127.35739 63 lineto stroke
newpath 109.35739 117 moveto
127.35739 81 lineto stroke
newpath 127.35739 27 moveto
145.35739 63 lineto stroke
newpath 127.35739 45 moveto
145.35739 81 lineto stroke
newpath 127.35739 63 moveto
145.35739 99 lineto stroke
newpath 127.35739 81 moveto
145.35739 117 lineto stroke
newpath 127.35739 63 moveto
145.35739 27 lineto stroke
newpath 127.35739 81 moveto
145.35739 45 lineto stroke
newpath 127.35739 99 moveto
145.35739 63 lineto stroke
newpath 127.35739 117 moveto
145.35739 81 lineto stroke
newpath 145.35739 27 moveto
163.35739 63 lineto stroke
newpath 145.35739 45 moveto
163.35739 81 lineto stroke
newpath 145.35739 63 moveto
163.35739 99 lineto stroke
newpath 145.35739 81 moveto
163.35739 117 lineto stroke
newpath 145.35739 63 moveto
163.35739 27 lineto stroke
newpath 145.35739 81 moveto
163.35739 45 lineto stroke
newpath 145.35739 99 moveto
163.35739 63 lineto stroke
newpath 145.35739 117 moveto
163.35739 81 lineto stroke
newpath 73.35739 27 moveto
109.35739 45 lineto stroke
newpath 73.35739 45 moveto
109.35739 63 lineto stroke
newpath 73.35739 63 moveto
109.35739 81 lineto stroke
newpath 73.35739 81 moveto
109.35739 99 lineto stroke
newpath 73.35739 99 moveto
109.35739 117 lineto stroke
newpath 73.35739 45 moveto
109.35739 27 lineto stroke
newpath 73.35739 63 moveto
109.35739 45 lineto stroke
newpath 73.35739 81 moveto
109.35739 63 lineto stroke
newpath 73.35739 99 moveto
109.35739 81 lineto stroke
newpath 73.35739 117 moveto
109.35739 99 lineto stroke
newpath 91.35739 27 moveto
127.35739 45 lineto stroke
newpath 91.35739 45 moveto
127.35739 63 lineto stroke
newpath 91.35739 63 moveto
127.35739 81 lineto stroke
newpath 91.35739 81 moveto
127.35739 99 lineto stroke
newpath 91.35739 99 moveto
127.35739 117 lineto stroke
newpath 91.35739 45 moveto
127.35739 27 lineto stroke
newpath 91.35739 63 moveto
127.35739 45 lineto stroke
newpath 91.35739 81 moveto
127.35739 63 lineto stroke
newpath 91.35739 99 moveto
127.35739 81 lineto stroke
newpath 91.35739 117 moveto
127.35739 99 lineto stroke
newpath 109.35739 27 moveto
145.35739 45 lineto stroke
newpath 109.35739 45 moveto
145.35739 63 lineto stroke
newpath 109.35739 63 moveto
145.35739 81 lineto stroke
newpath 109.35739 81 moveto
145.35739 99 lineto stroke
newpath 109.35739 99 moveto
145.35739 117 lineto stroke
newpath 109.35739 45 moveto
145.35739 27 lineto stroke
newpath 109.35739 63 moveto
145.35739 45 lineto stroke
newpath 109.35739 81 moveto
145.35739 63 lineto stroke
newpath 109.35739 99 moveto
145.35739 81 lineto stroke
newpath 109.35739 117 moveto
145.35739 99 lineto stroke
newpath 127.35739 27 moveto
163.35739 45 lineto stroke
newpath 127.35739 45 moveto
163.35739 63 lineto stroke
newpath 127.35739 63 moveto
163.35739 81 lineto stroke
newpath 127.35739 81 moveto
163.35739 99 lineto stroke
newpath 127.35739 99 moveto
163.35739 117 lineto stroke
newpath 127.35739 45 moveto
163.35739 27 lineto stroke
newpath 127.35739 63 moveto
163.35739 45 lineto stroke
newpath 127.35739 81 moveto
163.35739 63 lineto stroke
newpath 127.35739 99 moveto
163.35739 81 lineto stroke
newpath 127.35739 117 moveto
163.35739 99 lineto stroke
showpage
%%EOF
